1
-0.0456924
-0.0795927
  0.558275
0.99995691 0.00863788 0.00340029
-0.00860652 0.99992129 -0.00912929
-0.00347888 0.00909963 0.99995255
0.18688670
2
-0.0534517
 -0.166644
  0.552028
0.99991526 0.00745687 0.01067129
-0.00767258 0.99976412 0.02031826
-0.01051727 -0.02039841 0.99973661
0.21324599
3
-0.0340847
  -0.17275
  0.554585
0.99926263 0.03775385 0.00698832
-0.03787044 0.99913150 0.01738029
-0.00632608 -0.01763213 0.99982453
0.24202618
4
-0.0420706
 -0.190648
  0.553159
0.99970362 0.01988562 0.01404401
-0.02031850 0.99930086 0.03138392
-0.01341011 -0.03165997 0.99940873
0.20610674
5
-0.0426913
 -0.200981
  0.552865
0.99985152 0.00982904 0.01415405
-0.01038239 0.99916297 0.03956723
-0.01375330 -0.03970831 0.99911666
0.21306474
6
-0.0340888
 -0.155515
  0.553735
0.99995557 0.00871878 0.00358447
-0.00869962 0.99994796 -0.00532835
-0.00363074 0.00529693 0.99997938
0.19304086
7
-0.0306041
 -0.141813
  0.553617
0.99997471 0.00704349 0.00098616
-0.00703518 0.99994172 -0.00818937
-0.00104379 0.00818222 0.99996598
0.18824961
8
-0.0301441
 -0.166625
  0.553865
0.99995708 0.00776533 0.00505304
-0.00793257 0.99939154 0.03396500
-0.00478622 -0.03400362 0.99941025
0.21251906
9
-0.0261386
 -0.150895
  0.553736
0.99997112 0.00758167 -0.00052191
-0.00757818 0.99995084 0.00639421
0.00057037 -0.00639007 0.99997942
0.17795710
10
-0.0249596
 -0.147056
  0.554334
0.99997370 0.00666244 -0.00286442
-0.00665312 0.99997259 0.00324852
0.00288599 -0.00322937 0.99999062
0.18963511
11
-0.0266011
 -0.157153
  0.553969
0.99995968 0.00736759 0.00513463
-0.00750859 0.99957960 0.02800426
-0.00492614 -0.02804169 0.99959462
0.20924533
12
-0.023941
-0.149279
 0.554051
0.99997673 0.00681759 -0.00023139
-0.00681525 0.99993677 0.00894456
0.00029235 -0.00894278 0.99995997
0.17536442
13
-0.024248
-0.152957
 0.553422
0.99997623 0.00558760 0.00403982
-0.00567184 0.99976020 0.02115134
-0.00392067 -0.02117375 0.99976812
0.21151059
14
-0.0261023
 -0.151388
  0.554115
0.99996883 0.00637758 0.00465453
-0.00643969 0.99988877 0.01345317
-0.00456821 -0.01348272 0.99989867
0.19030455
15
-0.0262821
  -0.16179
  0.553827
0.99995814 0.00584654 0.00703864
-0.00612512 0.99917167 0.04023006
-0.00679761 -0.04027149 0.99916565
0.21354270
16
-0.0247395
 -0.156213
  0.553926
0.99998988 0.00425871 0.00145060
-0.00428229 0.99985206 0.01665906
-0.00137944 -0.01666510 0.99986018
0.17417312
17
-0.0228906
 -0.148948
  0.554514
0.99937841 0.03515355 0.00265054
-0.03513473 0.99935918 -0.00683894
-0.00288926 0.00674157 0.99997310
0.24526728
18
-0.022598
-0.148516
  0.55455
0.99981152 0.01930203 0.00208638
-0.01930859 0.99980854 0.00317189
-0.00202476 -0.00321157 0.99999279
0.18029947
19
 -0.02269
-0.147104
 0.554597
0.99992395 0.01208734 0.00244637
-0.01210001 0.99991310 0.00523216
-0.00238292 -0.00526136 0.99998332
0.17920577
20
-0.0238464
 -0.142375
  0.554451
0.99992292 0.01097377 0.00580717
-0.01095367 0.99993395 -0.00348107
-0.00584499 0.00341719 0.99997708
0.18653002
21
-0.0257835
 -0.146294
  0.553993
0.99990218 0.00658330 0.01234046
-0.00681363 0.99980161 0.01871678
-0.01221479 -0.01879903 0.99974867
0.20985022
22
-0.0266334
 -0.143101
  0.554727
0.99994487 0.00707893 0.00775498
-0.00710875 0.99996742 0.00382377
-0.00772766 -0.00387869 0.99996262
0.19493459
23
-0.0285073
 -0.148284
  0.554458
0.99988868 0.00406597 0.01435591
-0.00446492 0.99960163 0.02786830
-0.01423688 -0.02792930 0.99950851
0.20991264
24
-0.0309056
 -0.151277
  0.554203
0.99980171 0.00276998 0.01971988
-0.00343925 0.99941637 0.03398665
-0.01961423 -0.03404774 0.99922772
0.21664725
25
-0.0304659
 -0.152762
  0.554397
0.99930028 0.03409645 0.01537483
-0.03447067 0.99909871 0.02476980
-0.01451641 -0.02528244 0.99957495
0.24557531
26
-0.0292575
 -0.151329
   0.55456
0.99975462 0.02148316 0.00540150
-0.02156264 0.99965325 0.01511406
-0.00507493 -0.01522682 0.99987119
0.17967292
27
-0.0279142
 -0.144411
  0.554563
0.99990478 0.01378525 -0.00062959
-0.01379179 0.99983351 -0.01194771
0.00046478 0.01195525 0.99992843
0.19573386
28
-0.0279657
 -0.145399
   0.55499
0.99996327 0.00835602 0.00190831
-0.00836574 0.99995177 0.00514456
-0.00186523 -0.00516033 0.99998495
0.18057707
29
-0.027321
-0.138225
  0.55539
0.99993964 -0.01066550 -0.00264065
0.01061572 0.99977803 -0.01819874
0.00283417 0.01816960 0.99983090
0.22792946
30
-0.0255199
 -0.135683
  0.555296
0.99997516 0.00033041 -0.00704122
-0.00042666 0.99990645 -0.01367155
0.00703604 0.01367421 0.99988175
0.19767750
31
-0.0277949
 -0.141489
  0.555016
0.99994268 -0.00010346 0.01070636
-0.00018598 0.99963460 0.02703015
-0.01070525 -0.02703059 0.99957728
0.21406867
32
-0.0269024
 -0.138761
  0.554984
0.99998120 0.00521928 0.00321721
-0.00524261 0.99995971 0.00728651
-0.00317905 -0.00730324 0.99996828
0.17423230
33
-0.0277268
 -0.141798
  0.554967
0.99994739 0.00212707 0.01003507
-0.00238966 0.99965312 0.02622839
-0.00997580 -0.02625099 0.99960561
0.21215089
34
-0.0276461
 -0.141092
  0.554997
0.99996589 0.00725769 0.00394206
-0.00731313 0.99987194 0.01423472
-0.00383824 -0.01426307 0.99989091
0.19076379
35
-0.026877
-0.138113
  0.55498
0.99996973 0.00776798 -0.00044804
-0.00776864 0.99996870 -0.00150187
0.00043636 0.00150530 0.99999877
0.18463947
36
-0.0275464
  -0.13951
  0.554739
0.99996087 0.00418984 0.00779138
-0.00430045 0.99988945 0.01423339
-0.00773088 -0.01426634 0.99986834
0.21073074
37
-0.0268224
 -0.138841
  0.554749
0.99998913 0.00433688 0.00171322
-0.00435316 0.99994425 0.00961993
-0.00167141 -0.00962728 0.99995226
0.17524919
38
-0.0268706
 -0.138388
  0.554719
0.99998418 0.00452674 0.00333791
-0.00455416 0.99995556 0.00825485
-0.00330039 -0.00826992 0.99996036
0.17463635
39
-0.0273917
 -0.139581
  0.554415
0.99995105 0.00513276 0.00845921
-0.00529292 0.99980508 0.01902075
-0.00835993 -0.01906459 0.99978330
0.21020345
40
-0.0286217
  -0.14257
  0.554436
0.99987375 0.00290364 0.01562222
-0.00345581 0.99936601 0.03543496
-0.01550943 -0.03548447 0.99924987
0.21860754
41
-0.0279496
 -0.139973
  0.554545
0.99996763 0.00742385 0.00310151
-0.00744403 0.99995087 0.00654587
-0.00305276 -0.00656875 0.99997377
0.19252627
42
-0.0280005
 -0.140423
  0.554575
0.99997444 0.00611976 0.00369747
-0.00616583 0.99990187 0.01257892
-0.00362013 -0.01260139 0.99991405
0.17370728
43
-0.0280493
  -0.13762
  0.554674
0.99997201 0.00624264 0.00412384
-0.00622189 0.99996802 -0.00502436
-0.00415507 0.00499857 0.99997887
0.18611904
44
-0.0277667
  -0.13648
  0.554615
0.99999430 0.00220704 0.00255483
-0.00219584 0.99998801 -0.00437809
-0.00256446 0.00437245 0.99998715
0.17918658
45
-0.0275107
 -0.136054
   0.55453
0.99999784 0.00099920 0.00182415
-0.00100053 0.99999924 0.00072627
-0.00182342 -0.00072809 0.99999807
0.17666313
46
-0.0286586
 -0.137662
  0.554454
0.99991928 0.00213169 0.01252527
-0.00237057 0.99981499 0.01908825
-0.01248226 -0.01911640 0.99973934
0.21190275
47
-0.0298184
 -0.141985
  0.554441
0.99982593 0.00124283 0.01861631
-0.00212681 0.99886708 0.04753971
-0.01853614 -0.04757103 0.99869585
0.23253978
48
-0.0290891
 -0.139457
  0.554255
0.99997464 0.00236341 0.00671852
-0.00244630 0.99992067 0.01235610
-0.00668879 -0.01237222 0.99990109
0.17258583
49
-0.0339663
  -0.15056
  0.554408
0.99906104 -0.01647133 0.04007171
0.01249917 0.99516378 0.09743111
-0.04148274 -0.09683876 0.99443523
0.36228334
50
-0.0341777
 -0.150162
  0.554242
0.99962466 -0.00375811 0.02713696
0.00224224 0.99844639 0.05567563
-0.02730403 -0.05559389 0.99808006
0.25003590
51
-0.0351318
 -0.154038
  0.554206
0.99967688 -0.00222551 0.02532143
0.00053777 0.99778862 0.06646488
-0.02541335 -0.06642978 0.99746742
0.26622990
52
-0.0342426
 -0.152179
   0.55419
0.99995383 0.00708710 0.00648986
-0.00725108 0.99964595 0.02560078
-0.00630612 -0.02564665 0.99965118
0.19414865
53
-0.0342758
 -0.154021
  0.553996
0.99993596 0.00693205 0.00894605
-0.00726215 0.99927363 0.03740966
-0.00868023 -0.03747223 0.99925997
0.21837769
54
-0.035069
-0.155121
 0.553969
0.99986683 0.00435437 0.01572750
-0.00494068 0.99928685 0.03743490
-0.01555327 -0.03750762 0.99917530
0.21891746
55
-0.0348065
 -0.153769
  0.554009
0.99995542 0.00331186 0.00884230
-0.00345432 0.99986370 0.01614438
-0.00878763 -0.01617421 0.99983057
0.17292166
56
-0.0333549
 -0.148908
   0.55403
0.99996108 0.00753817 -0.00458441
-0.00764462 0.99969076 -0.02366295
0.00440462 0.02369708 0.99970948
0.22282646
57
-0.0320179
  -0.14648
  0.553971
0.99991463 0.00711513 -0.01095893
-0.00738434 0.99966705 -0.02472363
0.01077937 0.02480245 0.99963426
0.22622165
58
-0.0312852
 -0.144958
  0.553937
0.99991890 0.00896524 -0.00904552
-0.00912301 0.99980428 -0.01755475
0.00888637 0.01763585 0.99980499
0.20998059
59
-0.0315427
 -0.145246
  0.553815
0.99997016 0.00744428 0.00206544
-0.00744955 0.99996899 0.00255359
-0.00204636 -0.00256890 0.99999461
0.21944094
60
-0.0310656
 -0.144443
  0.553757
0.99996951 0.00776841 -0.00079043
-0.00776745 0.99996911 0.00120648
0.00079978 -0.00120030 0.99999896
0.18427155
61
-0.0314808
 -0.145359
  0.553575
0.99996194 0.00388160 0.00781377
-0.00401736 0.99983994 0.01743447
-0.00774484 -0.01746520 0.99981748
0.20880644
62
-0.0318568
 -0.144605
  0.553383
0.99991436 0.00478683 0.01217998
-0.00491917 0.99992894 0.01085879
-0.01212713 -0.01091778 0.99986686
0.21134815
63
-0.047829
-0.178498
 0.563351
0.98953671 0.03493647 0.13998762
-0.07871784 0.94384184 0.32088329
-0.12091564 -0.32854531 0.93671628
1.46475288
64
-0.0472141
 -0.179323
  0.563021
0.99724958 0.02507277 0.06974696
-0.03763877 0.98198803 0.18515626
-0.06384830 -0.18727219 0.98023085
0.60967351
65
-0.0471634
 -0.181734
  0.562869
0.99905187 0.01556683 0.04065758
-0.02073972 0.99128612 0.13008342
-0.03827831 -0.13080331 0.99066910
0.41290226
66
-0.0463571
 -0.180457
  0.562715
0.99978612 0.01200752 0.01683872
-0.01308691 0.99776482 0.06552943
-0.01601424 -0.06573578 0.99770855
0.22478851
67
-0.0447023
 -0.179698
  0.562568
0.99993641 0.01079416 -0.00326415
-0.01066204 0.99921720 0.03809616
0.00367281 -0.03805893 0.99926875
0.18834145
68
-0.0436005
 -0.177303
  0.562438
0.99989970 0.01172825 -0.00794018
-0.01167049 0.99990538 0.00728188
0.00802483 -0.00718848 0.99994196
0.19198708
69
-0.043567
 -0.17635
 0.562445
0.99993932 0.01072328 -0.00252411
-0.01071380 0.99993562 0.00373885
0.00256404 -0.00371158 0.99998982
0.19568991
70
-0.0428335
 -0.175302
  0.562352
0.99993413 0.01069091 -0.00417499
-0.01067608 0.99993668 0.00355773
0.00421276 -0.00351292 0.99998496
0.19456761
71
-0.0419395
 -0.173107
  0.562241
0.99992802 0.00953589 -0.00728108
-0.00960676 0.99990621 -0.00976118
0.00718731 0.00983042 0.99992585
0.21424385
72
-0.0416413
  -0.17419
  0.562105
0.99998065 0.00618671 -0.00064404
-0.00617258 0.99978056 0.02001843
0.00076775 -0.02001407 0.99979940
0.22347238
73
-0.0417919
 -0.174291
  0.561843
0.99992415 0.00963318 0.00767456
-0.00981672 0.99965780 0.02424693
-0.00743836 -0.02432043 0.99967654
0.21647160
74
-0.0419182
 -0.174731
  0.561569
0.99989609 0.00911985 0.01116452
-0.00945496 0.99949491 0.03034028
-0.01088219 -0.03044269 0.99947727
0.21092144
75
-0.0423647
 -0.175704
  0.561422
0.99983632 0.00667412 0.01681612
-0.00733145 0.99919914 0.03933611
-0.01654012 -0.03945295 0.99908453
0.21378649
76
-0.0413485
 -0.173923
  0.561316
0.99994563 0.01029744 0.00164385
-0.01031573 0.99988022 0.01153789
-0.00152485 -0.01155422 0.99993209
0.18191190
77
-0.0408147
 -0.172409
  0.561164
0.99996357 0.00840432 -0.00149442
-0.00840432 0.99996468 0.00000769
0.00149444 0.00000487 0.99999888
0.19347027
78
-0.0402983
 -0.171005
  0.561053
0.99995927 0.00843749 -0.00320517
-0.00845316 0.99995223 -0.00490754
0.00316361 0.00493444 0.99998282
0.20107537
79
-0.0407956
 -0.171636
  0.560939
0.99993022 0.00635668 0.00995710
-0.00652906 0.99982771 0.01737585
-0.00984493 -0.01743965 0.99979945
0.21153593
80
-0.041314
 -0.17326
 0.560823
0.99984292 0.00484032 0.01705013
-0.00552787 0.99916378 0.04051158
-0.01683978 -0.04059947 0.99903359
0.21627596
81
-0.0539827
 -0.199139
  0.568395
0.98848630 0.04069109 0.14573632
-0.08748132 0.93955793 0.33102556
-0.12345793 -0.33996344 0.93229984
1.49936052
82
-0.053367
-0.196805
   0.5681
0.99718904 0.02751051 0.06969350
-0.03814059 0.98700166 0.15611861
-0.06449270 -0.15833792 0.98527651
0.50987183
83
-0.0534496
 -0.197655
  0.567883
0.99892801 0.01576809 0.04352243
-0.02027576 0.99424910 0.10515520
-0.04161404 -0.10592493 0.99350299
0.33444926
84
-0.0537448
 -0.198405
  0.567717
0.99939808 0.00901607 0.03349911
-0.01162495 0.99684481 0.07851934
-0.03268548 -0.07886151 0.99634960
0.26578423
85
-0.0533633
 -0.196817
  0.567552
0.99982816 0.01131635 0.01468327
-0.01178570 0.99940930 0.03228219
-0.01430928 -0.03244969 0.99937093
0.19778578
86
-0.0560387
 -0.203467
   0.56771
0.99882636 -0.01332748 0.04656472
0.00765863 0.99276098 0.11986233
-0.04782510 -0.11936503 0.99169791
0.37665487
87
-0.0560133
 -0.202945
   0.56752
0.99949291 -0.00444380 0.03153055
0.00219616 0.99747644 0.07096423
-0.03176633 -0.07085900 0.99698039
0.25058518
88
 -0.05592
-0.201376
 0.567338
0.99983586 0.00266839 0.01792040
-0.00317383 0.99959625 0.02823577
-0.01783782 -0.02828802 0.99944064
0.19330004
89
-0.0555401
 -0.200671
  0.567218
0.99994030 0.00482582 0.00980312
-0.00502853 0.99977186 0.02075922
-0.00970071 -0.02080728 0.99973644
0.17773951
90
-0.0554143
  -0.20037
  0.566946
0.99992536 0.00497103 0.01116103
-0.00523590 0.99970234 0.02382880
-0.01103925 -0.02388546 0.99965375
0.21529312
91
-0.0548195
 -0.199606
  0.566796
0.99927138 0.03731574 0.00801518
-0.03740464 0.99923695 0.01124321
-0.00758952 -0.01153482 0.99990467
0.24196832
92
-0.0545859
 -0.198353
  0.566831
0.99976289 0.02132853 0.00438826
-0.02133421 0.99977161 0.00125341
-0.00436052 -0.00134674 0.99998959
0.20936722
93
-0.0541922
 -0.198269
  0.566824
0.99987849 0.01534039 0.00277173
-0.01537922 0.99977544 0.01457899
-0.00254746 -0.01461985 0.99988988
0.19063606
94
-0.0538558
 -0.197027
  0.566716
0.99987540 0.01577403 0.00060214
-0.01577544 0.99987263 0.00241891
-0.00056391 -0.00242810 0.99999689
0.21117624
95
-0.0533401
 -0.195074
  0.566584
0.99994349 0.01056529 -0.00118342
-0.01057834 0.99987652 -0.01162043
0.00106050 0.01163229 0.99993178
0.22349736
96
-0.0530015
 -0.194365
  0.566542
0.99997322 0.00730922 0.00035326
-0.00730863 0.99997196 -0.00163430
-0.00036520 0.00163168 0.99999860
0.22697912
97
-0.0524429
 -0.193108
  0.566501
0.99997549 0.00670215 -0.00202535
-0.00671135 0.99996703 -0.00457229
0.00199464 0.00458577 0.99998750
0.23446978
98
-0.0522089
  -0.19325
  0.566368
0.99991418 0.01309134 -0.00049657
-0.01308511 0.99985423 0.01096849
0.00064009 -0.01096105 0.99993972
0.19935574
99
-0.0516743
  -0.19129
  0.566273
0.99996168 0.00832814 -0.00269802
-0.00835191 0.99992534 -0.00892010
0.00262353 0.00894229 0.99995658
0.24256675
100
-0.051286
-0.190277
  0.56621
0.99998762 0.00474499 -0.00149957
-0.00475337 0.99997281 -0.00563757
0.00147278 0.00564463 0.99998298
0.23431904
