1
  0.06989
-0.419703
-0.555984
0.99844096 0.05343555 0.01613343
-0.05581741 0.95710531 0.28431292
-0.00024898 -0.28477019 0.95859578
0.03390430
2
0.0596979
-0.431785
-0.552526
0.99856711 0.04923750 0.02096153
-0.05320175 0.95565031 0.28965851
-0.00576983 -0.29035865 0.95690050
0.03574889
3
0.0641382
-0.438126
-0.550486
0.99853547 0.05108389 0.01781448
-0.05406427 0.95434119 0.29378554
-0.00199338 -0.29431841 0.95570534
0.02939964
4
0.0715164
-0.429999
 -0.55245
0.99876379 0.04842385 0.01122589
-0.04961086 0.95694355 0.28600314
0.00310683 -0.28620651 0.95816292
0.03889582
5
0.0753416
-0.426194
-0.554096
0.99877666 0.04858962 0.00917829
-0.04920032 0.95790059 0.28285293
0.00495183 -0.28295848 0.95911938
0.03251657
6
0.0786871
 -0.42185
-0.555453
0.99886973 0.04700644 0.00704730
-0.04710333 0.95906335 0.27924679
0.00636760 -0.27926311 0.96019350
0.03704223
7
 0.077627
-0.421392
-0.555078
0.99871263 0.04952934 0.01095141
-0.05060660 0.95809019 0.28196127
0.00347292 -0.28215249 0.95936328
0.03219636
8
0.0803034
-0.413387
 -0.55642
0.99869283 0.05066044 0.00679367
-0.05060767 0.96136790 0.27057462
0.00717622 -0.27056475 0.96267503
0.04798463
9
0.0774894
-0.418091
-0.554954
0.99871994 0.04851091 0.01432358
-0.05058110 0.95695045 0.28581005
0.00015795 -0.28616870 0.95817924
0.02894570
10
0.0771602
-0.416613
-0.555289
0.99854348 0.05206037 0.01416454
-0.05394136 0.95787908 0.28206029
0.00111625 -0.28241351 0.95929211
0.02925809
11
0.0789445
-0.419792
-0.554857
0.99863993 0.05122218 0.00972525
-0.05184193 0.95573024 0.28964136
0.00554135 -0.28975161 0.95708584
0.03500562
12
0.0792572
-0.415531
-0.555806
0.99859224 0.05203101 0.01031051
-0.05285136 0.95951326 0.27666052
0.00450186 -0.27681597 0.96091241
0.03876705
13
0.0788044
-0.420256
-0.554374
0.99853898 0.05255562 0.01256247
-0.05392551 0.95431840 0.29388506
0.00345672 -0.29413312 0.95575821
0.03447314
14
0.0794428
-0.418894
-0.554849
0.99860634 0.05172665 0.01047486
-0.05256373 0.95698472 0.28533716
0.00473525 -0.28549010 0.95836996
0.03459679
15
0.0800816
-0.422793
-0.553858
0.99859542 0.05217592 0.00921205
-0.05255088 0.95320880 0.29771025
0.00675230 -0.29777620 0.95461183
0.04173181
16
0.0799794
-0.426709
-0.552884
0.99868239 0.05010567 0.01108675
-0.05109768 0.95094057 0.30512465
0.00474563 -0.30528912 0.95224788
0.05234971
17
0.0790549
-0.428378
-0.552532
0.99859434 0.05087566 0.01486644
-0.05298789 0.95148366 0.30310249
0.00127537 -0.30346417 0.95284200
0.04398096
18
0.0800953
-0.427429
-0.553018
0.99867831 0.05042726 0.00993600
-0.05113018 0.95508994 0.29187140
0.00522850 -0.29199366 0.95640596
0.03259882
19
0.0792944
-0.428615
-0.552593
0.99843843 0.05397963 0.01438389
-0.05581907 0.95377868 0.29528031
0.00222007 -0.29562210 0.95530238
0.03275819
20
0.0792829
-0.427969
-0.552779
0.99846760 0.05366429 0.01351285
-0.05527819 0.95568751 0.28914650
0.00260278 -0.28945037 0.95718948
0.03075939
21
0.0791221
-0.426555
-0.553289
0.99859911 0.05115674 0.01352045
-0.05289164 0.95774774 0.28270433
0.00151305 -0.28302341 0.95911181
0.03311396
22
0.0789268
 -0.42637
-0.553168
0.99847828 0.05333501 0.01401811
-0.05511842 0.95708523 0.28451681
0.00175818 -0.28485651 0.95856856
0.02826117
23
0.0780534
-0.428801
-0.552122
0.99845683 0.05282959 0.01711701
-0.05553096 0.95268418 0.29884639
-0.00051918 -0.29933574 0.95414770
0.03986362
24
0.0772702
-0.428568
-0.552036
0.99847767 0.05189502 0.01868797
-0.05509332 0.95465260 0.29258015
-0.00265707 -0.29316433 0.95605838
0.03927310
25
0.0775354
-0.428044
 -0.55224
0.99856543 0.05160361 0.01428781
-0.05353179 0.95617877 0.28784807
0.00119230 -0.28819998 0.95756950
0.03259817
26
0.0744057
-0.429154
  -0.5515
0.99809075 0.05400176 0.02997769
-0.06046391 0.95334989 0.29575006
-0.01260821 -0.29699797 0.95479487
0.05471511
27
0.0752027
-0.427105
-0.552079
0.99865623 0.04887817 0.01722405
-0.05174764 0.95854939 0.28018789
-0.00281503 -0.28070268 0.95979064
0.04121680
28
0.0758698
 -0.42797
-0.551893
0.99863474 0.05093043 0.01160808
-0.05210831 0.95571377 0.28964790
0.00365789 -0.28985733 0.95706287
0.03962700
29
0.0762861
-0.428241
-0.551907
0.99872025 0.04955140 0.01012566
-0.05035841 0.95577570 0.28975306
0.00467981 -0.28989215 0.95704788
0.03166265
30
0.0767447
-0.428365
-0.551983
0.99875650 0.04904207 0.00896257
-0.04953363 0.95580666 0.28979310
0.00564557 -0.28987669 0.95704735
0.03297043
31
0.0770396
-0.429427
 -0.55182
0.99861568 0.05171317 0.00961589
-0.05223915 0.95369375 0.29620820
0.00614726 -0.29630048 0.95507499
0.03973283
32
0.0768429
-0.429032
-0.551865
0.99852200 0.05287863 0.01255683
-0.05424606 0.95544525 0.29014088
0.00334489 -0.29039321 0.95690156
0.02860385
33
0.0767605
-0.428731
-0.552012
0.99858579 0.05140165 0.01357556
-0.05313466 0.95644258 0.28704409
0.00177029 -0.28735948 0.95782117
0.03331051
34
0.0753005
-0.430179
-0.551268
0.99837800 0.05187498 0.02345981
-0.05652938 0.95221245 0.30015977
-0.00676794 -0.30099908 0.95360041
0.04879312
35
0.0745568
-0.430519
-0.551128
0.99842267 0.05072152 0.02407298
-0.05559621 0.95294842 0.29799054
-0.00782578 -0.29885887 0.95426523
0.03981244
36
0.0738951
-0.430942
-0.550901
0.99855510 0.04815782 0.02384403
-0.05307965 0.95313361 0.29785715
-0.00838240 -0.29869241 0.95431262
0.03803399
37
0.0739187
  -0.4299
-0.551264
0.99854651 0.05045098 0.01896215
-0.05376759 0.95681153 0.28569343
-0.00372969 -0.28629772 0.95813345
0.03077227
38
0.0727751
-0.433533
-0.550279
0.99828262 0.05229481 0.02640210
-0.05797937 0.94644932 0.31760364
-0.00837923 -0.31858897 0.94785593
0.07664757
39
0.0730669
-0.432518
-0.550572
0.99844495 0.05274782 0.01803743
-0.05572379 0.95360011 0.29587444
-0.00159376 -0.29641946 0.95505652
0.03260410
40
0.0730679
-0.432561
-0.550633
0.99845024 0.05322705 0.01624826
-0.05565166 0.95425741 0.29376127
0.00013102 -0.29421025 0.95574071
0.03080743
41
0.0730804
-0.432412
-0.550586
0.99867474 0.04915257 0.01525759
-0.05146561 0.95518068 0.29151528
-0.00024503 -0.29191419 0.95644448
0.02576740
42
0.0726797
-0.432731
-0.550558
0.99864991 0.04859073 0.01836560
-0.05184598 0.95425291 0.29447135
-0.00321685 -0.29502597 0.95548382
0.03849674
43
0.0728544
-0.431494
-0.550915
0.99875572 0.04746897 0.01528764
-0.04985230 0.95849520 0.28071642
-0.00132781 -0.28112925 0.95966899
0.03850554
44
0.0732189
-0.430808
-0.551105
0.99873889 0.04892297 0.01127668
-0.05012630 0.95904552 0.27878137
0.00282396 -0.27899506 0.96028839
0.04250330
45
0.0733555
-0.430146
-0.551255
0.99855324 0.05245521 0.01182736
-0.05367640 0.95925097 0.27741021
0.00320620 -0.27764371 0.96067877
0.03956347
46
 0.073763
-0.429584
-0.551455
0.99865294 0.05108299 0.00910105
-0.05160003 0.95929179 0.27766292
0.00545329 -0.27775850 0.96063545
0.04435420
47
0.0733916
-0.430555
-0.551139
0.99863412 0.04992325 0.01541314
-0.05224839 0.95440107 0.29391954
-0.00003690 -0.29432340 0.95570588
0.03365946
48
0.0726986
-0.429111
-0.551364
0.99836154 0.05282478 0.02199483
-0.05685826 0.95902599 0.27755414
-0.00643187 -0.27834996 0.96045819
0.04643446
49
0.0726248
-0.428445
-0.551508
0.99846114 0.05223542 0.01862263
-0.05534899 0.95949809 0.27622439
-0.00343968 -0.27683006 0.96091274
0.04460093
50
0.0725468
-0.427924
-0.551636
0.99855979 0.05094771 0.01681270
-0.05361332 0.95921621 0.27754256
-0.00198686 -0.27804423 0.96056622
0.04725314
51
 0.073045
-0.427078
-0.551847
0.99867297 0.05048023 0.01020029
-0.05134448 0.96051906 0.27343533
0.00400550 -0.27359620 0.96183630
0.04796970
52
0.0733514
-0.427354
-0.551758
0.99870735 0.05000689 0.00910722
-0.05053282 0.95748443 0.28402464
0.00548317 -0.28411771 0.95877373
0.03454773
53
0.0731445
 -0.42738
-0.551805
0.99854927 0.05184982 0.01452405
-0.05383719 0.95661082 0.28635171
0.00095342 -0.28671823 0.95801448
0.03228490
54
0.0729491
-0.427757
-0.551658
0.99846002 0.05285606 0.01684742
-0.05547222 0.95483282 0.29191973
-0.00065675 -0.29240474 0.95629443
0.03184066
55
0.0725878
-0.427437
-0.551751
0.99840839 0.05277856 0.01987743
-0.05626497 0.95630027 0.28692166
-0.00386547 -0.28758339 0.95774780
0.03037778
56
0.0725007
-0.427781
 -0.55168
0.99852071 0.05115835 0.01841792
-0.05431005 0.95466954 0.29267129
-0.00261045 -0.29323862 0.95603572
0.03239179
57
0.0730282
-0.428253
-0.551681
0.99860194 0.05181851 0.01044108
-0.05258545 0.95374050 0.29599634
0.00538001 -0.29613156 0.95513201
0.04145233
58
0.0730112
 -0.42833
-0.551719
0.99866402 0.05001710 0.01297924
-0.05162323 0.95460544 0.29336582
0.00228325 -0.29364392 0.95591215
0.03228967
59
  0.07321
-0.427668
 -0.55189
0.99857723 0.05216122 0.01107760
-0.05316527 0.95783089 0.28237110
0.00411836 -0.28255830 0.95924129
0.03836048
60
0.0735615
-0.427769
-0.551892
0.99863163 0.05156923 0.00868821
-0.05189342 0.95659883 0.28675033
0.00647636 -0.28680881 0.95796595
0.03993875
61
0.0736664
-0.426743
-0.552178
0.99864348 0.05107162 0.01014311
-0.05189509 0.96032560 0.27401030
0.00425346 -0.27416498 0.96167327
0.04850194
62
0.0740479
 -0.42642
-0.552384
0.99864465 0.05153037 0.00731330
-0.05153937 0.95952586 0.27686425
0.00724962 -0.27686592 0.96088121
0.05157247
63
0.0735901
-0.427034
-0.552279
0.99856879 0.05085841 0.01654658
-0.05347247 0.95536203 0.29055822
-0.00103065 -0.29102715 0.95671424
0.03307245
64
0.0736623
-0.426844
-0.552353
0.99852871 0.05220294 0.01467178
-0.05421728 0.95641710 0.28692650
0.00094607 -0.28729981 0.95784024
0.03273817
65
 0.073483
-0.427147
-0.552261
0.99856266 0.05103401 0.01637506
-0.05359155 0.95498313 0.29177930
-0.00074724 -0.29223748 0.95634549
0.03192144
66
 0.072601
-0.429377
-0.551688
0.99830913 0.05074284 0.02835570
-0.05717724 0.94508998 0.32176962
-0.01047118 -0.32284685 0.94639329
0.09042098
67
0.0727345
-0.429203
-0.551682
0.99855128 0.04994501 0.02002107
-0.05366438 0.95158292 0.30267159
-0.00393477 -0.30330752 0.95288460
0.04821205
68
 0.072369
-0.429281
-0.551652
0.99857234 0.04841469 0.02256757
-0.05293676 0.95342506 0.29694839
-0.00713982 -0.29771910 0.95462682
0.03899949
69
0.0729189
-0.428673
-0.551897
0.99861427 0.05152205 0.01072456
-0.05244581 0.95743564 0.28384226
0.00435606 -0.28401139 0.95881101
0.04147529
70
0.0725927
-0.428009
-0.551979
0.99829715 0.05555165 0.01779940
-0.05830897 0.95914691 0.27683436
-0.00169363 -0.27740082 0.96075279
0.04367870
71
0.0724739
-0.428552
-0.551815
0.99849859 0.05175603 0.01794109
-0.05473828 0.95513357 0.29107317
-0.00207135 -0.29161821 0.95653255
0.03020490
72
0.0722507
-0.428536
-0.551769
0.99857119 0.04959157 0.01990602
-0.05323626 0.95551478 0.29009897
-0.00463403 -0.29074419 0.95678960
0.03100849
73
0.0722191
-0.428407
-0.551881
0.99864336 0.04882241 0.01810563
-0.05196670 0.95649589 0.28708025
-0.00330201 -0.28763167 0.95773541
0.03619986
74
0.0720531
-0.429582
-0.551679
0.99871744 0.04677407 0.01938203
-0.05046496 0.95057724 0.30635959
-0.00409443 -0.30694478 0.95171852
0.05523795
75
0.0721342
-0.429276
-0.551715
0.99866819 0.04906088 0.01596465
-0.05158583 0.95468852 0.29310191
-0.00086143 -0.29353510 0.95594791
0.03539798
76
0.0725851
-0.429026
-0.551834
0.99869373 0.05043247 0.00820948
-0.05066578 0.95660254 0.28695742
0.00661876 -0.28699851 0.95790816
0.03737859
77
0.0727263
-0.429229
-0.551825
0.99862972 0.05151414 0.00921824
-0.05196544 0.95529725 0.29104427
0.00618673 -0.29112449 0.95666518
0.03426376
78
0.0729049
 -0.42924
-0.551787
0.99873420 0.04943086 0.00930562
-0.05000005 0.95551159 0.29068469
0.00547717 -0.29078202 0.95677365
0.03766536
79
0.0725521
-0.429753
-0.551631
0.99860628 0.04962829 0.01795916
-0.05272805 0.95290311 0.29865603
-0.00229155 -0.29918673 0.95419183
0.03503357
80
0.0727187
-0.429084
-0.551815
0.99859495 0.05123919 0.01351570
-0.05296905 0.95768487 0.28290276
0.00155192 -0.28322118 0.95905336
0.04542101
81
 0.072617
-0.429628
-0.551708
0.99863209 0.04980793 0.01590953
-0.05228520 0.95385458 0.29568177
-0.00044808 -0.29610913 0.95515401
0.03512739
82
0.0725543
-0.428743
-0.551934
0.99862446 0.04989763 0.01610649
-0.05240750 0.95941410 0.27708852
-0.00162673 -0.27755147 0.96070939
0.05067677
83
 0.072596
-0.428728
-0.551982
0.99867351 0.04937177 0.01461705
-0.05149008 0.95775571 0.28293598
-0.00003052 -0.28331330 0.95902741
0.03260018
84
0.0727621
-0.428142
-0.552155
0.99861806 0.05125633 0.01160845
-0.05247002 0.95987395 0.27547938
0.00297741 -0.27570778 0.96123689
0.04836254
85
0.0725037
-0.427653
-0.552283
0.99856066 0.05076037 0.01732026
-0.05356285 0.96043355 0.27331010
-0.00276164 -0.27384443 0.96177003
0.04842675
86
0.0727587
-0.427288
-0.552383
0.99864375 0.05080555 0.01137771
-0.05197779 0.96032513 0.27399625
0.00299423 -0.27421603 0.96166346
0.04897529
87
0.0727758
   -0.427
-0.552484
0.99863115 0.05076083 0.01261637
-0.05227210 0.95995149 0.27524672
0.00186065 -0.27552944 0.96129083
0.04152720
88
0.0725906
 -0.42729
-0.552401
0.99856595 0.05065364 0.01732803
-0.05349865 0.95617269 0.28787441
-0.00198671 -0.28838860 0.95751139
0.03152487
89
0.0726644
-0.426842
-0.552482
0.99864432 0.04981705 0.01509236
-0.05205030 0.95866734 0.27972789
-0.00053334 -0.28013423 0.95996069
0.03551985
90
0.0726219
-0.427236
-0.552395
0.99860270 0.05041375 0.01584607
-0.05284367 0.95510117 0.29152924
-0.00043752 -0.29195925 0.95643066
0.03459419
91
0.0722318
-0.427991
-0.552198
0.99855813 0.04854294 0.02291798
-0.05323027 0.95060865 0.30579362
-0.00694191 -0.30657264 0.95182195
0.05529612
92
0.0722332
-0.428467
-0.552078
0.99858659 0.04968253 0.01888059
-0.05308084 0.95025772 0.30690829
-0.00269345 -0.30747670 0.95155180
0.05554213
93
0.0722056
-0.428715
-0.552025
0.99865951 0.04872357 0.01746991
-0.05172777 0.95152054 0.30320438
-0.00184978 -0.30370161 0.95276540
0.04304763
94
0.0723746
-0.428787
-0.551911
0.99868785 0.04962194 0.01265855
-0.05113973 0.95330370 0.29765211
0.00270263 -0.29790890 0.95459048
0.03979782
95
0.0725464
-0.428369
 -0.55202
0.99879994 0.04789136 0.01025195
-0.04882704 0.95736131 0.28473715
0.00382163 -0.28489602 0.95855081
0.03143144
96
 0.072223
-0.429056
 -0.55196
0.99848989 0.05114323 0.02005755
-0.05481092 0.95204535 0.30100735
-0.00370121 -0.30165217 0.95341086
0.04648437
97
0.0722501
-0.429422
-0.551824
0.99858274 0.05028779 0.01742555
-0.05320428 0.95152816 0.30292485
-0.00134748 -0.30342264 0.95285512
0.04467825
98
0.0724822
-0.429649
-0.551797
0.99861941 0.05131390 0.01123210
-0.05231401 0.95221568 0.30091285
0.00474563 -0.30108501 0.95358549
0.04062952
99
0.0725323
 -0.42885
-0.552036
0.99859859 0.05151310 0.01213512
-0.05285487 0.95909320 0.27811256
0.00268773 -0.27836421 0.96047183
0.04140850
100
0.0727661
-0.428655
-0.552065
0.99866203 0.05098735 0.00862836
-0.05136589 0.95878745 0.27944262
0.00597528 -0.27951194 0.96012362
0.04198541
