1
-0.0136631
-0.0324938
 -0.193974
0.99997905 0.00264207 0.00590970
-0.00256627 0.99991483 -0.01279645
-0.00594300 0.01278101 0.99990066
0.02933212
2
0.0254779
-0.132428
-0.199369
0.99997028 0.00328109 -0.00697645
-0.00316188 0.99984998 0.01703005
0.00703128 -0.01700748 0.99983064
0.06218192
3
0.0437532
-0.163534
-0.202868
0.99987584 0.00692619 -0.01415355
-0.00649683 0.99952398 0.03015977
0.01435571 -0.03006407 0.99944488
0.06334486
4
0.0340675
-0.153545
-0.199422
0.99994623 0.00862834 -0.00575159
-0.00850094 0.99972578 0.02181986
0.00593828 -0.02176979 0.99974537
0.05122552
5
0.0358221
-0.145469
-0.199431
0.99990122 0.01188253 -0.00750737
-0.01175687 0.99979365 0.01656591
0.00770267 -0.01647601 0.99983459
0.03900199
6
0.0382868
-0.191924
-0.199138
0.99993130 0.00597169 -0.01008644
-0.00536964 0.99826144 0.05869642
0.01041942 -0.05863823 0.99822492
0.12542571
7
0.0343708
-0.170211
-0.198302
0.99997759 0.00345487 -0.00573476
-0.00331677 0.99970841 0.02391833
0.00581572 -0.02389877 0.99969747
0.03510117
8
0.0371931
 -0.15124
-0.198695
0.99992624 0.00693290 -0.00997215
-0.00689423 0.99996860 0.00390629
0.00999892 -0.00383725 0.99994265
0.07122293
9
0.0405382
-0.129328
-0.199269
0.99986425 0.00774722 -0.01454182
-0.00797729 0.99984286 -0.01583093
0.01441688 0.01594479 0.99976893
0.11611755
10
0.0402802
-0.125387
 -0.19852
0.99988472 0.00965483 -0.01171868
-0.00971579 0.99993951 -0.00515611
0.01166819 0.00526937 0.99991804
0.07618628
11
0.0401738
-0.120509
-0.198498
0.99990264 0.00905435 -0.01061780
-0.00908224 0.99995543 -0.00258068
0.01059396 0.00267686 0.99994030
0.06102059
12
0.0419026
-0.111743
-0.197872
0.99989092 0.00723475 -0.01287640
-0.00736464 0.99992218 -0.01006932
0.01280255 0.01016305 0.99986639
0.08341608
13
0.0397165
-0.110815
-0.198132
0.99994458 0.00710517 -0.00776926
-0.00711656 0.99997364 -0.00144023
0.00775882 0.00149544 0.99996878
0.05120024
14
0.0349819
-0.107986
-0.197394
0.99998452 0.00543086 0.00120850
-0.00542864 0.99998359 -0.00183278
-0.00121843 0.00182619 0.99999759
0.05561681
15
0.0355081
-0.102585
-0.197422
0.99994834 0.00900219 -0.00472094
-0.00903762 0.99993076 -0.00753665
0.00465276 0.00757892 0.99996046
0.06375149
16
 0.0338845
-0.0991573
 -0.197186
0.99997524 0.00638454 -0.00295780
-0.00640879 0.99994532 -0.00826370
0.00290487 0.00828245 0.99996148
0.06107901
17
0.0322007
 -0.10089
-0.196797
0.99997935 0.00624046 -0.00153285
-0.00623483 0.99997392 0.00364617
0.00155557 -0.00363654 0.99999218
0.03682613
18
 0.0327646
-0.0982556
 -0.196975
0.99996474 0.00493437 -0.00679463
-0.00494475 0.99998663 -0.00151040
0.00678708 0.00154394 0.99997578
0.05019799
19
 0.0288386
-0.0949884
 -0.196785
0.99997891 0.00524068 0.00383587
-0.00521423 0.99996279 -0.00687183
-0.00387174 0.00685168 0.99996903
0.06757058
20
 0.0298641
-0.0866686
  -0.19693
0.99994496 0.00945728 -0.00454236
-0.00956636 0.99965101 -0.02462414
0.00430790 0.02466624 0.99968646
0.10389568
21
0.0284024
-0.086819
-0.197024
0.99993101 0.01173830 -0.00042428
-0.01174204 0.99987848 -0.01025444
0.00030386 0.01025871 0.99994733
0.06029199
22
 0.0272503
-0.0878202
  -0.19735
0.99995932 0.00901895 0.00012368
-0.00901891 0.99995929 -0.00026535
-0.00012607 0.00026423 0.99999996
0.04110240
23
 0.0267495
-0.0844127
 -0.197642
0.99995732 0.00915080 -0.00127208
-0.00916332 0.99990590 -0.01020928
0.00117854 0.01022050 0.99994707
0.05225945
24
 0.0284043
-0.0864668
 -0.198013
0.99993160 0.00489659 -0.01062154
-0.00485493 0.99998044 0.00394417
0.01064064 -0.00389234 0.99993581
0.06092634
25
 0.0291743
-0.0817301
 -0.197828
0.99992315 0.00554380 -0.01108866
-0.00570193 0.99988178 -0.01428017
0.01100818 0.01434230 0.99983655
0.07006821
26
 0.0275895
-0.0812107
 -0.197873
0.99995697 0.00907942 -0.00190070
-0.00909420 0.99992729 -0.00791946
0.00182866 0.00793640 0.99996683
0.05565021
27
 0.0268609
-0.0834019
 -0.198054
0.99994511 0.01047359 -0.00028912
-0.01047172 0.99992805 0.00585151
0.00035038 -0.00584817 0.99998284
0.06700193
28
 0.0285893
-0.0877759
 -0.198267
0.99991288 0.00637875 -0.01155636
-0.00611391 0.99972115 0.02280893
0.01169863 -0.02273629 0.99967305
0.08667940
29
 0.0272452
-0.0870876
 -0.197996
0.99999102 0.00252091 -0.00340647
-0.00248604 0.99994486 0.01020276
0.00343200 -0.01019420 0.99994215
0.03809299
30
 0.0290308
-0.0899265
 -0.198292
0.99988746 0.00611257 -0.01370054
-0.00583909 0.99978467 0.01991282
0.01381931 -0.01983058 0.99970784
0.08600046
31
 0.0290742
-0.0976713
 -0.198413
0.99992285 0.00609942 -0.01082048
-0.00557737 0.99884911 0.04763764
0.01109859 -0.04757361 0.99880607
0.15039623
32
 0.0295137
-0.0972727
 -0.198432
0.99992667 0.00557558 -0.01075053
-0.00530529 0.99967317 0.02500833
0.01088645 -0.02494946 0.99962944
0.07641888
33
 0.0283672
-0.0959121
 -0.198302
0.99998945 0.00321522 -0.00327911
-0.00318574 0.99995484 0.00895333
0.00330775 -0.00894279 0.99995454
0.04049268
34
0.0285299
-0.101879
 -0.19838
0.99996691 0.00478394 -0.00657994
-0.00453069 0.99926825 0.03797949
0.00675682 -0.03794842 0.99925686
0.11593782
35
0.0290233
-0.100764
-0.198317
0.99993685 0.00656335 -0.00912295
-0.00640076 0.99982219 0.01773770
0.00923774 -0.01767818 0.99980105
0.03967385
36
0.0288609
-0.103117
-0.198589
0.99991595 0.01122341 -0.00649030
-0.01105908 0.99963068 0.02482351
0.00676651 -0.02474964 0.99967078
0.07694133
37
0.0294809
-0.103889
-0.198561
0.99992702 0.00597636 -0.01049926
-0.00575764 0.99976832 0.02074037
0.01062078 -0.02067840 0.99972976
0.05601241
38
0.0291661
-0.103931
-0.198677
0.99996238 0.00348226 -0.00794464
-0.00336368 0.99988347 0.01489090
0.00799557 -0.01486362 0.99985756
0.05449016
39
0.0284688
-0.100546
-0.198598
0.99998496 0.00403727 -0.00371348
-0.00406573 0.99996218 -0.00768806
0.00368230 0.00770304 0.99996355
0.07005380
40
0.0295415
-0.103948
-0.198746
0.99991170 0.00436818 -0.01255052
-0.00411207 0.99978426 0.02036005
0.01263674 -0.02030664 0.99971394
0.07101478
41
0.0299105
-0.103134
-0.198906
0.99989923 0.00739791 -0.01211631
-0.00727456 0.99992159 0.01019335
0.01219077 -0.01010418 0.99987464
0.04359973
42
0.0289648
-0.102763
-0.198899
0.99998635 0.00345324 -0.00392175
-0.00342722 0.99997220 0.00662223
0.00394451 -0.00660870 0.99997038
0.03525334
43
0.0284675
-0.102546
-0.198881
0.99998439 0.00491598 -0.00265595
-0.00490011 0.99997031 0.00594774
0.00268511 -0.00593463 0.99997878
0.03171066
44
0.0280523
 -0.10556
-0.198973
0.99999511 0.00180780 -0.00255326
-0.00173954 0.99964758 0.02648960
0.00260025 -0.02648503 0.99964583
0.07542497
45
0.0278149
-0.105656
-0.199053
0.99997042 0.00722000 -0.00265006
-0.00717106 0.99981165 0.01803461
0.00277977 -0.01801508 0.99983385
0.05248201
46
 0.027642
 -0.10752
-0.199123
0.99998865 0.00382603 -0.00284025
-0.00375263 0.99966997 0.02541400
0.00293655 -0.02540306 0.99967298
0.07130356
47
0.0278483
-0.110551
-0.199223
0.99996162 0.00620754 -0.00618260
-0.00596352 0.99923170 0.03873567
0.00641831 -0.03869731 0.99923037
0.10824932
48
0.0284787
 -0.11343
-0.199329
0.99990456 0.00879309 -0.01065609
-0.00830411 0.99894823 0.04509401
0.01104140 -0.04500122 0.99892591
0.12443720
49
0.0280551
-0.111551
-0.199212
0.99993280 0.01034333 -0.00523610
-0.01026533 0.99983910 0.01471050
0.00538742 -0.01465576 0.99987808
0.03658543
50
0.0292969
-0.109694
 -0.19931
0.99981647 0.01101885 -0.01567231
-0.01102917 0.99993901 -0.00057205
0.01566505 0.00074480 0.99987702
0.07467603
51
0.0300838
 -0.11266
-0.199315
0.99980954 0.00849537 -0.01757012
-0.00800539 0.99958222 0.02777226
0.01779872 -0.02762631 0.99945985
0.07439751
52
0.0300985
-0.114407
-0.199439
0.99988715 0.00822897 -0.01256869
-0.00781165 0.99942817 0.03289856
0.01283223 -0.03279666 0.99937966
0.09259846
53
0.0300209
-0.113653
-0.199421
0.99993818 0.00497551 -0.00994389
-0.00481215 0.99985419 0.01638448
0.01002396 -0.01633561 0.99981632
0.04319930
54
0.0304262
  -0.1141
-0.199578
0.99990259 0.00522377 -0.01294295
-0.00499301 0.99982914 0.01779796
0.01303371 -0.01773160 0.99975783
0.06399764
55
0.0295454
-0.112143
-0.199372
0.99998890 0.00349627 -0.00315822
-0.00350149 0.99999251 -0.00164698
0.00315243 0.00165802 0.99999366
0.05276310
56
0.0304114
-0.114481
 -0.19938
0.99991596 0.00287511 -0.01264125
-0.00257131 0.99970906 0.02398315
0.01270653 -0.02394863 0.99963244
0.07176823
57
0.0307957
-0.114384
-0.199455
0.99990089 0.00436816 -0.01338359
-0.00414627 0.99985423 0.01656286
0.01345399 -0.01650573 0.99977325
0.05930667
58
 0.030678
-0.115034
-0.199518
0.99992309 0.00908450 -0.00844267
-0.00891857 0.99977032 0.01948768
0.00861777 -0.01941088 0.99977445
0.04367165
59
0.0307296
-0.116923
-0.199601
0.99995597 0.00302437 -0.00888376
-0.00274023 0.99948973 0.03182410
0.00897548 -0.03179835 0.99945400
0.09317019
60
0.0310823
-0.118044
-0.199719
0.99993114 0.00119671 -0.01167394
-0.00082167 0.99948503 0.03207790
0.01170631 -0.03206610 0.99941719
0.08326405
61
 0.029835
 -0.11803
-0.199631
0.99999149 0.00375567 0.00170842
-0.00379245 0.99974945 0.02206040
-0.00162514 -0.02206670 0.99975518
0.05106344
62
0.0296571
 -0.11875
-0.199505
0.99999833 0.00131153 -0.00127193
-0.00128068 0.99971203 0.02396283
0.00130299 -0.02396116 0.99971204
0.05381537
63
0.0295995
-0.120266
-0.199349
0.99999223 0.00100479 -0.00381282
-0.00087992 0.99946769 0.03261228
0.00384356 -0.03260868 0.99946081
0.07732678
64
0.0295343
-0.119558
-0.199365
0.99998422 0.00145009 -0.00542723
-0.00136094 0.99986469 0.01639353
0.00545026 -0.01638588 0.99985089
0.06345341
65
0.0298785
-0.121926
-0.199495
0.99995301 0.00274319 -0.00929809
-0.00239733 0.99931217 0.03700592
0.00939321 -0.03698189 0.99927179
0.10358992
66
 0.030276
-0.123936
-0.199581
0.99990698 0.00357863 -0.01316178
-0.00297781 0.99896496 0.04538876
0.01331059 -0.04534534 0.99888269
0.11850620
67
0.0295685
-0.124469
-0.199454
0.99997894 0.00594364 -0.00260534
-0.00585012 0.99938606 0.03454382
0.00280905 -0.03452785 0.99939979
0.07806043
68
0.0295031
-0.124277
-0.199465
0.99993801 0.01068719 -0.00312319
-0.01061493 0.99969487 0.02230446
0.00336061 -0.02226992 0.99974635
0.04698361
69
 0.028932
-0.127477
-0.199386
0.99993956 0.01059423 0.00293981
-0.01072989 0.99865207 0.05078296
-0.00239784 -0.05081144 0.99870539
0.14734094
70
0.0285971
-0.125659
-0.199217
0.99998709 0.00490475 0.00132614
-0.00492310 0.99988696 0.01420650
-0.00125631 -0.01421284 0.99989820
0.04497228
71
0.0283728
-0.123132
-0.199206
0.99995982 0.00896182 -0.00021136
-0.00896365 0.99989425 -0.01145147
0.00010871 0.01145290 0.99993441
0.09587945
72
0.0281313
-0.125008
-0.199106
0.99998536 0.00537245 -0.00064398
-0.00535752 0.99975911 0.02128403
0.00075818 -0.02128027 0.99977326
0.04976423
73
0.0276642
-0.126097
-0.199134
0.99998021 0.00585000 0.00231421
-0.00591511 0.99955600 0.02920303
-0.00214234 -0.02921614 0.99957082
0.06818959
74
0.0284232
-0.125447
-0.199163
0.99993611 0.00268275 -0.01098044
-0.00251862 0.99988530 0.01493438
0.01101924 -0.01490577 0.99982818
0.05462768
75
0.0288319
  -0.1238
-0.199123
0.99990250 0.00622524 -0.01249923
-0.00626350 0.99997581 -0.00302415
0.01248010 0.00310214 0.99991731
0.07405038
76
0.0287816
-0.122749
-0.199112
0.99992706 0.00871380 -0.00836290
-0.00876376 0.99994386 -0.00595559
0.00831053 0.00602845 0.99994730
0.07264215
77
0.0285696
-0.122474
-0.199123
0.99995902 0.00720827 -0.00547723
-0.00720274 0.99997353 0.00102728
0.00548449 -0.00098779 0.99998447
0.06828513
78
0.0279165
-0.120916
-0.199037
0.99998774 0.00476125 0.00135856
-0.00474667 0.99993320 -0.01053861
-0.00140865 0.01053203 0.99994354
0.09089998
79
0.0285215
-0.120862
-0.199076
0.99994942 0.00374437 -0.00933462
-0.00373006 0.99999184 0.00155023
0.00934035 -0.00151534 0.99995523
0.06917025
80
0.0288618
-0.119919
-0.199079
0.99992138 0.00429205 -0.01178206
-0.00432993 0.99998553 -0.00319155
0.01176819 0.00324232 0.99992550
0.07091592
81
0.0286359
-0.118768
-0.198942
0.99997271 0.00338254 -0.00656722
-0.00344031 0.99995531 -0.00880539
0.00653714 0.00882775 0.99993967
0.07889099
82
0.0282158
-0.118662
-0.198882
0.99999235 0.00361515 -0.00149510
-0.00361428 0.99999330 0.00058665
0.00149721 -0.00058125 0.99999871
0.04965277
83
0.0274454
-0.117784
-0.198807
0.99998393 0.00116259 0.00554860
-0.00113874 0.99999011 -0.00429987
-0.00555354 0.00429348 0.99997536
0.07499697
84
0.0270957
-0.117296
 -0.19885
0.99997995 0.00514621 0.00368985
-0.00513885 0.99998480 -0.00199951
-0.00370009 0.00198051 0.99999119
0.06799967
85
 0.027112
-0.120509
-0.198863
0.99998268 0.00585174 -0.00063417
-0.00581740 0.99897613 0.04486470
0.00089606 -0.04486023 0.99899287
0.13815414
86
0.0264994
-0.121145
-0.198782
0.99995566 0.00796101 0.00502975
-0.00814032 0.99929328 0.03669712
-0.00473405 -0.03673643 0.99931378
0.09597572
87
 0.026591
-0.120825
-0.198742
0.99998146 0.00586592 -0.00163705
-0.00583125 0.99977417 0.02043529
0.00175655 -0.02042537 0.99978984
0.05279714
88
0.0265563
-0.119682
-0.198778
0.99994706 0.00982514 -0.00305527
-0.00981675 0.99994803 0.00274966
0.00308212 -0.00271952 0.99999155
0.04792400
89
0.0265653
-0.119476
-0.198742
0.99992319 0.01164260 -0.00424908
-0.01161759 0.99991531 0.00586477
0.00431700 -0.00581495 0.99997377
0.03964424
90
0.0264053
-0.118313
-0.198674
0.99997534 0.00656384 -0.00249754
-0.00658060 0.99995547 -0.00676435
0.00245303 0.00678062 0.99997400
0.06988307
91
0.0269549
-0.119667
-0.198773
0.99990509 0.00788074 -0.01130036
-0.00765076 0.99976562 0.02025252
0.01145732 -0.02016414 0.99973103
0.09975139
92
0.0266616
-0.119268
-0.198655
0.99996902 0.00611923 -0.00495037
-0.00606334 0.99991859 0.01122679
0.00501867 -0.01119643 0.99992472
0.03788763
93
0.0266457
-0.118604
-0.198633
0.99997668 0.00507823 -0.00456595
-0.00506746 0.99998436 0.00236761
0.00457790 -0.00234442 0.99998677
0.05122546
94
0.0268569
-0.118063
-0.198629
0.99993305 0.00893324 -0.00735469
-0.00893305 0.99996010 0.00005808
0.00735491 0.00000762 0.99997295
0.05163589
95
0.0275029
-0.118867
-0.198732
0.99987408 0.00304180 -0.01557500
-0.00278196 0.99985705 0.01667764
0.01562351 -0.01663221 0.99973960
0.09251887
96
0.0281335
-0.119215
 -0.19883
0.99975905 0.00703519 -0.02079321
-0.00660880 0.99976792 0.02050449
0.02093263 -0.02036213 0.99957351
0.07794551
97
0.0283113
-0.119656
-0.198822
0.99985281 0.00370558 -0.01675167
-0.00331924 0.99972921 0.02303249
0.01683248 -0.02297350 0.99959436
0.06216193
98
0.0280197
-0.119134
-0.198796
0.99995534 0.00509851 -0.00795765
-0.00501527 0.99993286 0.01044572
0.00801037 -0.01040535 0.99991378
0.02753489
99
0.0284092
-0.120173
-0.198826
0.99988811 0.00445860 -0.01427897
-0.00406714 0.99961824 0.02732823
0.01439536 -0.02726710 0.99952453
0.07981659
100
0.0281084
 -0.11976
-0.198854
0.99995711 0.00755207 -0.00536164
-0.00747361 0.99986685 0.01450587
0.00547047 -0.01446518 0.99988041
0.03503370
