1
-0.0185598
 -0.656699
 -0.407224
0.99994885 0.00366456 -0.00942701
0.00118212 0.88332248 0.46876433
0.01004491 -0.46875150 0.88327297
0.02500721
2
-0.0195861
 -0.649176
 -0.410217
0.99995268 0.00403521 -0.00885215
0.00055774 0.88464504 0.46626478
0.00971248 -0.46624766 0.88460092
0.02421073
3
-0.0160426
 -0.646063
 -0.410844
0.99992433 0.00580078 -0.01084809
-0.00009265 0.88536795 0.46489093
0.01230128 -0.46485475 0.88530150
0.02728809
4
-0.0145929
 -0.645647
 -0.411075
0.99991644 0.00591824 -0.01149271
0.00009894 0.88551579 0.46460928
0.01292665 -0.46457159 0.88544121
0.02283825
5
-0.0156457
 -0.646585
 -0.410581
0.99993381 0.00457057 -0.01055906
0.00087145 0.88499389 0.46560183
0.01147277 -0.46558021 0.88493132
0.02515061
6
-0.0164786
 -0.648517
 -0.409913
0.99994434 0.00432781 -0.00962195
0.00067247 0.88399630 0.46749341
0.01052899 -0.46747386 0.88394419
0.02324897
7
-0.0151236
 -0.654777
 -0.406945
0.99990479 0.00755173 -0.01154907
-0.00115975 0.87998629 0.47499767
0.01375008 -0.47493906 0.87991126
0.03542643
8
-0.0153827
 -0.653858
 -0.407072
0.99992506 0.00558742 -0.01089297
0.00019560 0.88236986 0.47055647
0.01224082 -0.47052334 0.88230264
0.02282011
9
-0.0167144
 -0.653994
 -0.407026
0.99995248 0.00412097 -0.00883435
0.00050910 0.88293753 0.46949021
0.00973494 -0.46947240 0.88289348
0.02597946
10
-0.0177444
  -0.64831
 -0.408788
0.99996512 0.00343693 -0.00761236
0.00043951 0.88849598 0.45888419
0.00834070 -0.45887153 0.88846348
0.03735564
11
-0.0181735
 -0.647495
 -0.409197
0.99995964 0.00330396 -0.00835459
0.00091997 0.88737904 0.46103968
0.00893694 -0.46102876 0.88734019
0.03168139
12
-0.0175208
  -0.64884
 -0.409052
0.99993829 0.00398045 -0.01037144
0.00131162 0.88477186 0.46602258
0.01103134 -0.46600742 0.88471204
0.02678635
13
-0.0175227
 -0.644787
 -0.410838
0.99993881 0.00426491 -0.01020725
0.00086469 0.88973877 0.45646924
0.01102859 -0.45645014 0.88968064
0.03608271
14
-0.0177641
 -0.647882
 -0.409577
0.99994693 0.00445638 -0.00928875
0.00041524 0.88344128 0.46854171
0.01029407 -0.46852070 0.88339254
0.02514288
15
-0.0173808
 -0.645851
 -0.410336
0.99992966 0.00529097 -0.01061500
0.00020790 0.88702747 0.46171661
0.01185872 -0.46168634 0.88696398
0.02649978
16
-0.0182795
 -0.645373
 -0.410625
0.99996039 0.00406151 -0.00791954
0.00005460 0.88699188 0.46178502
0.00890012 -0.46176716 0.88695653
0.02963221
17
-0.0180649
 -0.643503
 -0.411507
0.99994543 0.00448266 -0.00943588
0.00033170 0.88917494 0.45756729
0.01044127 -0.45754545 0.88912493
0.03428192
18
-0.0186398
 -0.643148
 -0.411584
0.99995887 0.00418371 -0.00804736
-0.00001284 0.88790983 0.46001754
0.00906991 -0.45999852 0.88787336
0.03053995
19
-0.0187452
 -0.644009
 -0.411195
0.99995323 0.00515282 -0.00818460
-0.00075406 0.88521462 0.46518223
0.00964213 -0.46515430 0.88517710
0.02151140
20
-0.019138
-0.642628
-0.411925
0.99996179 0.00490136 -0.00723837
-0.00102480 0.88804574 0.45975398
0.00868143 -0.45972899 0.88801683
0.02758046
21
-0.0191505
  -0.64352
 -0.411287
0.99995282 0.00526130 -0.00816617
-0.00085573 0.88507349 0.46545051
0.00967653 -0.46542156 0.88503623
0.02411757
22
-0.0195029
 -0.643903
 -0.411186
0.99996361 0.00457479 -0.00720052
-0.00068721 0.88450615 0.46652802
0.00850317 -0.46650610 0.88447711
0.02336287
23
-0.0197937
 -0.641392
 -0.412248
0.99996437 0.00496774 -0.00682540
-0.00132094 0.89063942 0.45470835
0.00833784 -0.45468313 0.89061425
0.03583766
24
-0.0192508
 -0.640913
  -0.41249
0.99993283 0.00508549 -0.01041530
0.00023908 0.88936242 0.45720284
0.01158808 -0.45717462 0.88930146
0.03198896
