1
0.018865
0.273718
0.388015
0.99899463 -0.00769673 -0.04416444
0.00808563 0.99993004 0.00863389
0.04409489 -0.00898230 0.99898697
0.01564780
2
0.0228417
 0.268464
 0.388831
0.99890361 -0.00887225 -0.04596597
0.00943392 0.99988329 0.01201668
0.04585399 -0.01243715 0.99887073
0.01942585
3
0.0455236
 0.228467
 0.389104
0.99788251 -0.00729068 -0.06463233
0.01026463 0.99889782 0.04580146
0.06422717 -0.04636790 0.99685751
0.03908083
4
0.0391377
   0.2326
 0.387726
0.99850592 -0.00755376 -0.05411899
0.00948387 0.99932480 0.03549660
0.05381431 -0.03595682 0.99790337
0.01846129
