1
-0.373951
 0.211874
  4.11398
0.90136066 -0.42901163 0.05914380
-0.39625930 -0.87211815 -0.28703398
0.17472129 0.23528486 -0.95609283
0.27400159
2
-0.361317
 0.163524
  4.12261
0.90229496 -0.42767512 0.05438563
-0.39953424 -0.87690592 -0.26722349
0.16197592 0.21938549 -0.96209865
0.26825243
3
-0.346925
  0.19027
  4.12103
0.90226669 -0.42872423 0.04593859
-0.39980757 -0.87175492 -0.28319122
0.16145813 0.23714741 -0.95796262
0.26801039
4
-0.347738
  0.16296
  4.12446
0.90301133 -0.42694505 0.04783786
-0.40169238 -0.87855610 -0.25842295
0.15236064 0.21414275 -0.96484668
0.27054101
5
-0.346876
 0.189845
  4.12035
0.90084378 -0.43157308 0.04717166
-0.40126359 -0.86916801 -0.28902335
0.16573479 0.24143662 -0.95615916
0.26959298
6
-0.356964
 0.163788
  4.12351
0.90290881 -0.42554115 0.06058390
-0.39855583 -0.88163347 -0.25273638
0.16096252 0.20405184 -0.96563653
0.28061967
7
-0.357276
 0.163404
  4.12345
0.90146973 -0.42904726 0.05719076
-0.40159753 -0.87835350 -0.25925772
0.16146751 0.21074532 -0.96411340
0.27655502
8
-0.36239
0.150319
 4.12464
0.90257369 -0.42568255 0.06446002
-0.39966447 -0.88408418 -0.24220545
0.16009072 0.19284589 -0.96808131
0.27713953
9
-0.367077
 0.130199
  4.12667
0.90176107 -0.42674483 0.06867184
-0.40437271 -0.88903622 -0.21470284
0.15267508 0.16584165 -0.97426222
0.28533316
10
-0.367328
 0.136989
  4.12566
0.90195535 -0.42721830 0.06293701
-0.40045959 -0.88203748 -0.24827805
0.16158173 0.19873199 -0.96664210
0.27807198
11
-0.366939
 0.131379
  4.12661
0.90231779 -0.42694388 0.05951078
-0.40226612 -0.88357853 -0.23973099
0.15493413 0.19237437 -0.96901368
0.27007271
12
-0.364669
  0.14319
  4.12519
0.90105456 -0.43055583 0.05217613
-0.40144954 -0.87350984 -0.27535219
0.16413086 0.22716127 -0.95992647
0.27855280
13
-0.360956
 0.158617
  4.12328
0.90218590 -0.42907398 0.04422806
-0.39630341 -0.86500389 -0.30775294
0.17030623 0.26012263 -0.95043780
0.29440001
14
-0.366386
 0.152844
   4.1236
0.90121561 -0.42842827 0.06526589
-0.39724385 -0.87686388 -0.27075278
0.17322744 0.21808016 -0.96043391
0.27699908
15
-0.367393
 0.145974
  4.12453
0.90228088 -0.42627113 0.06466942
-0.39956518 -0.88307600 -0.24601715
0.16197803 0.19613692 -0.96710570
0.27637178
16
-0.365538
 0.150349
  4.12416
0.90161348 -0.42908566 0.05457685
-0.40094976 -0.87641662 -0.26670808
0.16227267 0.21858502 -0.96223083
0.26990299
17
-0.367362
 0.143276
  4.12537
0.90307905 -0.42483195 0.06297658
-0.39941180 -0.88468336 -0.24042786
0.15785576 0.19197178 -0.96862191
0.27848272
18
-0.364899
 0.149307
  4.12501
0.90199929 -0.42876491 0.05057606
-0.40078652 -0.87512558 -0.27115564
0.16052243 0.22431199 -0.96120585
0.27724351
19
-0.366612
 0.153141
  4.12489
0.90047030 -0.43094114 0.05867689
-0.39945843 -0.87285061 -0.28029409
0.17200642 0.22895753 -0.95811912
0.28087113
20
-0.362526
 0.163908
  4.12333
0.89984345 -0.43435719 0.04019438
-0.40124336 -0.86033381 -0.31437160
0.17113015 0.26675750 -0.94844868
0.29945337
21
-0.36184
0.161128
  4.1241
0.90156814 -0.43031267 0.04478726
-0.40230330 -0.87193158 -0.27908308
0.15914441 0.23359435 -0.95922194
0.27173736
22
-0.363031
 0.156673
  4.12449
0.90131578 -0.42965454 0.05501684
-0.40372966 -0.87928854 -0.25269354
0.15694660 0.20554475 -0.96598091
0.27705796
23
-0.362303
 0.162654
  4.12378
0.90079609 -0.43118627 0.05142769
-0.40047254 -0.87068672 -0.28552825
0.16789326 0.23660735 -0.95698945
0.27601084
24
-0.364457
 0.158808
  4.12436
0.90047928 -0.43014667 0.06411639
-0.40154857 -0.87895953 -0.25727201
0.16702041 0.20592227 -0.96420963
0.27565690
25
-0.363216
 0.166453
  4.12345
0.89817402 -0.43653736 0.05213980
-0.40303657 -0.86495973 -0.29900868
0.17562729 0.24754759 -0.95282488
0.28934053
26
-0.363478
 0.166512
  4.12347
0.89978008 -0.43290216 0.05469484
-0.40159397 -0.87061117 -0.28418037
0.17064024 0.23373472 -0.95720948
0.28137500
27
-0.364924
 0.161799
    4.124
0.90016154 -0.43099710 0.06285464
-0.40375141 -0.87982872 -0.25077126
0.16338300 0.20035699 -0.96600366
0.27993004
28
 -0.3642
0.163204
 4.12391
0.90143484 -0.42936076 0.05535844
-0.40109800 -0.87644443 -0.26639362
0.16289757 0.21793233 -0.96227329
0.26895840
29
-0.365522
 0.160915
  4.12403
0.90218185 -0.42664543 0.06357355
-0.39877426 -0.88112015 -0.25417784
0.16445975 0.20396313 -0.96506582
0.27725205
30
-0.365398
 0.161553
   4.1241
0.90189769 -0.42785330 0.05934739
-0.39912818 -0.87799744 -0.26422944
0.16515830 0.21462070 -0.96263217
0.27154596
31
-0.364315
 0.165162
  4.12367
0.90208022 -0.42860461 0.05049127
-0.39778286 -0.87112907 -0.28792870
0.16739198 0.23965023 -0.95631987
0.28075578
32
-0.365013
 0.168816
  4.12317
0.90033568 -0.43144335 0.05702898
-0.39657788 -0.86733378 -0.30076252
0.17922515 0.24817080 -0.95199244
0.28731799
33
-0.365276
 0.167209
  4.12343
0.89983502 -0.43236776 0.05792286
-0.40212151 -0.87360355 -0.27407139
0.16910125 0.22332701 -0.95996344
0.27244542
34
-0.364915
 0.164915
  4.12383
0.90091738 -0.43052841 0.05470982
-0.40427002 -0.87837386 -0.25500023
0.15784052 0.20761659 -0.96539200
0.27924463
35
-0.363976
 0.170411
  4.12304
0.90124478 -0.43062527 0.04816350
-0.39810841 -0.86678179 -0.30033153
0.17107759 0.25149793 -0.95261810
0.28537782
36
-0.364069
 0.170092
  4.12313
0.90142246 -0.42976822 0.05231469
-0.39941417 -0.87214825 -0.28253450
0.16705052 0.23378772 -0.95782954
0.27475167
37
-0.363983
 0.170431
  4.12301
0.90252798 -0.42733557 0.05317472
-0.39744769 -0.87413882 -0.27913554
0.16576663 0.23079347 -0.95877828
0.27913621
38
-0.363415
  0.17267
  4.12287
0.90197645 -0.42888426 0.04996776
-0.39758272 -0.87008880 -0.29133050
0.16842345 0.24290693 -0.95531658
0.28290078
39
-0.363738
 0.171596
  4.12305
0.90229953 -0.42750951 0.05559841
-0.39819017 -0.87586787 -0.27258037
0.16522756 0.22381040 -0.96052525
0.27306609
40
-0.363683
 0.170153
  4.12324
0.90126775 -0.42974087 0.05512917
-0.40267048 -0.87778644 -0.25951389
0.15991536 0.21169261 -0.96416457
0.27273412
41
-0.363293
  0.17354
  4.12289
0.90032819 -0.43218811 0.05121123
-0.40036781 -0.86862631 -0.29188003
0.17063050 0.24228449 -0.95508296
0.27854515
42
-0.362903
 0.173475
  4.12296
0.90143329 -0.42998819 0.05028099
-0.40035372 -0.87217866 -0.28110724
0.16472680 0.23326925 -0.95835825
0.27450760
43
-0.362292
 0.175353
  4.12299
0.90168384 -0.42991215 0.04627961
-0.39949657 -0.86924269 -0.29123811
0.16543502 0.24411615 -0.95553051
0.27116353
44
-0.362626
 0.173712
  4.12302
0.90470951 -0.42256874 0.05418820
-0.39446479 -0.87892294 -0.26812684
0.16092927 0.22120157 -0.96185843
0.27432646
45
-0.362811
 0.175874
  4.12274
0.90220296 -0.42774551 0.05534988
-0.39554400 -0.87171166 -0.28924683
0.17197317 0.23906603 -0.95565300
0.28209673
46
-0.363512
 0.175317
  4.12272
0.90263268 -0.42593615 0.06190831
-0.39463723 -0.87641553 -0.27596607
0.17180133 0.22466467 -0.95917157
0.27832684
47
-0.362999
 0.173357
  4.12311
0.90302712 -0.42621218 0.05371404
-0.40022909 -0.88014606 -0.25526378
0.15607273 0.20901220 -0.96537827
0.26838280
48
-0.362063
 0.173093
  4.12322
0.90309668 -0.42700568 0.04563483
-0.40191001 -0.87785591 -0.26045603
0.15127701 0.21687589 -0.96440661
0.27595625
49
-0.361773
 0.172621
  4.12334
0.90300996 -0.42697263 0.04761696
-0.40143298 -0.87805111 -0.26053370
0.15305088 0.21614951 -0.96428980
0.26631626
50
-0.36119
 0.17622
 4.12283
0.90219756 -0.42899389 0.04476385
-0.39716485 -0.86674029 -0.30169745
0.16822499 0.25441208 -0.95235227
0.28675830
51
-0.360479
 0.179961
  4.12226
0.90184893 -0.43006153 0.04141965
-0.39481030 -0.85925430 -0.32527968
0.17548029 0.27700022 -0.94471030
0.30896578
52
-0.361555
 0.178029
  4.12252
0.90251785 -0.42646160 0.05993354
-0.39479956 -0.87492296 -0.28043381
0.17203148 0.22943479 -0.95800044
0.28259531
53
-0.361663
 0.176479
  4.12286
0.90219734 -0.42738086 0.05818560
-0.39969827 -0.87910771 -0.25963615
0.16211493 0.21098635 -0.96395203
0.27430006
54
-0.360574
 0.180806
  4.12224
0.90035415 -0.43303819 0.04289908
-0.39950588 -0.86164243 -0.31299739
0.17250349 0.26467007 -0.94878464
0.28995749
55
-0.359433
 0.183305
  4.12207
0.89981196 -0.43488821 0.03479499
-0.40214500 -0.85769652 -0.32036867
0.16916810 0.27427893 -0.94665370
0.29912672
56
-0.358971
 0.182933
   4.1223
0.90073263 -0.43259948 0.03922259
-0.40357023 -0.86683615 -0.29279031
0.16066050 0.24789672 -0.95537188
0.27651836
57
-0.358504
 0.184681
  4.12221
0.89992835 -0.43420898 0.03989381
-0.40319613 -0.86349168 -0.30300989
0.16601759 0.25660216 -0.95215203
0.28314926
58
-0.358692
 0.182938
  4.12244
0.90145625 -0.43005458 0.04929194
-0.40270860 -0.87495135 -0.26886042
0.15875271 0.22251562 -0.96191703
0.26912879
59
-0.358674
 0.182627
  4.12246
0.90075699 -0.43129742 0.05117993
-0.40370560 -0.87488437 -0.26758012
0.16018314 0.22036304 -0.96217540
0.27076036
60
-0.360552
 0.178203
  4.12268
0.89960402 -0.43012049 0.07555773
-0.40613616 -0.88760749 -0.21727027
0.16051800 0.16477049 -0.97318275
0.31550149
61
-0.360276
 0.176601
  4.12288
0.90145045 -0.42848179 0.06156651
-0.40562617 -0.88577409 -0.22554751
0.15117702 0.17834692 -0.97228488
0.29463801
62
-0.361372
 0.173841
  4.12314
0.90123291 -0.42734477 0.07180316
-0.40435429 -0.88891368 -0.21524423
0.15581031 0.16495127 -0.97391695
0.31325887
63
-0.361618
  0.17362
  4.12321
0.90025393 -0.43032938 0.06602634
-0.40429785 -0.88260431 -0.23990179
0.16151192 0.18927823 -0.96854925
0.28763585
64
-0.361502
  0.17232
  4.12347
0.90078383 -0.43031328 0.05847195
-0.40596323 -0.88221944 -0.23850098
0.15421523 0.19110037 -0.96938038
0.27305175
65
-0.36102
0.173682
 4.12335
0.90136257 -0.43016762 0.05001333
-0.40204728 -0.87412398 -0.27251653
0.16094564 0.22552848 -0.96085036
0.27595443
66
-0.361038
 0.172824
  4.12352
0.90135711 -0.42988164 0.05250836
-0.40324554 -0.87729860 -0.26026948
0.15795059 0.21342199 -0.96410719
0.27863213
67
-0.36027
0.171918
 4.12374
0.90248191 -0.42854236 0.04333418
-0.40506248 -0.87861012 -0.25292024
0.14646089 0.21070289 -0.96651617
0.26921030
68
-0.360269
 0.171848
  4.12396
0.90117787 -0.43074025 0.04838679
-0.40499296 -0.87653262 -0.26013701
0.15446408 0.21483341 -0.96435857
0.27741676
69
-0.359925
 0.171061
  4.12416
0.90285841 -0.42737822 0.04684594
-0.40301287 -0.87923076 -0.25403523
0.14975751 0.21047833 -0.96605981
0.26843492
70
-0.360011
 0.167892
  4.12447
0.90421436 -0.42379554 0.05285572
-0.40384976 -0.88872006 -0.21698391
0.13893076 0.17485420 -0.97474317
0.29334529
71
-0.359797
 0.168146
  4.12449
0.90274376 -0.42724893 0.05012048
-0.40339134 -0.88123615 -0.24637019
0.14942938 0.20219098 -0.96787895
0.27750948
72
-0.359378
 0.170146
   4.1242
0.90255339 -0.42816042 0.04556356
-0.39871206 -0.87101662 -0.28698213
0.16256101 0.24084996 -0.95685172
0.28068262
73
-0.358829
 0.169656
   4.1244
0.90196164 -0.42978803 0.04180241
-0.40390144 -0.87393327 -0.27037801
0.15273775 0.22698654 -0.96184629
0.27106473
74
-0.358795
 0.168818
  4.12456
0.90346837 -0.42597130 0.04788897
-0.40086527 -0.87917845 -0.25758939
0.15182864 0.21352684 -0.96506702
0.27351463
75
-0.358857
  0.16819
  4.12471
0.90129827 -0.43016844 0.05115219
-0.40488508 -0.87848473 -0.25363883
0.15404383 0.20789348 -0.96594555
0.27895802
76
-0.358371
 0.168038
  4.12481
0.90178626 -0.42984114 0.04492369
-0.40510637 -0.87692447 -0.25863546
0.15056685 0.21503503 -0.96492982
0.27541923
77
-0.358665
 0.167724
  4.12485
0.90108888 -0.43027369 0.05388303
-0.40354640 -0.87754614 -0.25896541
0.15871085 0.21160654 -0.96438246
0.27848334
78
-0.359222
 0.166599
  4.12493
0.90103722 -0.42922022 0.06246536
-0.40286874 -0.88154007 -0.24613794
0.16071310 0.19661411 -0.96721983
0.27939796
79
-0.358303
 0.169621
  4.12446
0.90185901 -0.42987122 0.04313997
-0.39774115 -0.86511687 -0.30557286
0.16867809 0.25842510 -0.95119092
0.29190399
80
-0.358095
   0.1699
  4.12446
0.90111935 -0.43122258 0.04506658
-0.40100613 -0.86844524 -0.29154238
0.16485751 0.24464250 -0.95549571
0.27603469
81
-0.358062
 0.168944
  4.12462
0.90260172 -0.42765318 0.04922288
-0.40102213 -0.87689747 -0.26501333
0.15649721 0.21946203 -0.96298756
0.27114288
82
-0.357863
 0.168212
  4.12471
0.90173232 -0.42965225 0.04772601
-0.40490400 -0.87810763 -0.25491124
0.15143176 0.21053725 -0.96578594
0.27302643
83
-0.358199
 0.166291
  4.12489
0.90105804 -0.42995542 0.05685718
-0.40739169 -0.88406163 -0.22905688
0.14874949 0.18323040 -0.97175110
0.28618410
84
-0.358568
 0.165003
  4.12503
0.90196735 -0.42734875 0.06187040
-0.40425840 -0.88607221 -0.22682854
0.15175654 0.17958031 -0.97196752
0.29366185
85
-0.358866
 0.163439
  4.12525
0.90156189 -0.42804133 0.06298232
-0.40581500 -0.88710495 -0.21990680
0.15000113 0.17270042 -0.97348561
0.29723268
86
-0.358042
 0.164978
  4.12511
0.90241405 -0.42869287 0.04325858
-0.40243116 -0.87446366 -0.27085507
0.15394169 0.22701482 -0.96164766
0.27028734
87
-0.358118
 0.165219
  4.12508
0.90071384 -0.43164412 0.04896869
-0.40364946 -0.87325922 -0.27292020
0.16056676 0.22605682 -0.96078959
0.27747130
88
-0.358821
 0.162971
  4.12527
0.90000101 -0.43112935 0.06423131
-0.40701619 -0.88395177 -0.23014578
0.15599998 0.18098825 -0.97103412
0.28874667
89
-0.359018
 0.162062
  4.12542
0.90031643 -0.43065445 0.06298469
-0.40651886 -0.88375626 -0.23176993
0.15547586 0.18306181 -0.97072943
0.28444940
90
-0.359209
 0.161574
  4.12545
0.90014066 -0.43119197 0.06180840
-0.40592736 -0.88181112 -0.24006692
0.15801827 0.19100427 -0.96878666
0.27648530
91
-0.359044
 0.160874
  4.12558
0.90088232 -0.43054000 0.05519381
-0.40659703 -0.88154071 -0.23992670
0.15195363 0.19370409 -0.96922073
0.28184823
92
-0.359496
 0.160494
   4.1256
0.90151115 -0.42818741 0.06271521
-0.40181176 -0.88202772 -0.24611871
0.16070149 0.19667905 -0.96720855
0.28140018
93
-0.359708
 0.160336
  4.12579
0.90164390 -0.42804954 0.06174031
-0.40076750 -0.88063062 -0.25273528
0.16255363 0.20313371 -0.96556357
0.27854705
94
-0.359836
 0.161388
  4.12576
0.90081527 -0.43009570 0.05957802
-0.39873099 -0.87371862 -0.27862047
0.17188789 0.22722997 -0.95855156
0.27451503
95
-0.359867
 0.160433
  4.12606
0.90135227 -0.42926209 0.05742958
-0.40277096 -0.87959564 -0.25315423
0.15918432 0.20505017 -0.96571982
0.27494758
96
-0.35997
0.159129
 4.12637
0.90162959 -0.42861833 0.05788274
-0.40530127 -0.88402767 -0.23286470
0.15098003 0.18649775 -0.97078505
0.27114488
97
-0.359989
 0.157771
  4.12666
0.90265049 -0.42666053 0.05641707
-0.40526132 -0.88676875 -0.22227111
0.14486321 0.17776947 -0.97335126
0.29019166
98
-0.360479
 0.157142
  4.12686
0.90283660 -0.42498045 0.06540404
-0.40062887 -0.88665004 -0.23097234
0.15614923 0.18232753 -0.97075954
0.29349517
99
-0.360196
 0.158451
  4.12684
0.90371786 -0.42472847 0.05384934
-0.39574436 -0.87671297 -0.27342415
0.16334144 0.22578771 -0.96038507
0.27229625
100
-0.360381
 0.157065
  4.12713
0.90290959 -0.42592065 0.05784356
-0.40132466 -0.88355250 -0.24139906
0.15392466 0.19474748 -0.96870048
0.27715716
