1
    0.7561
   1.23938
-0.0414023
0.89105144 0.33826628 -0.30266029
-0.44963615 0.74901210 -0.48662943
0.06208589 0.56969886 0.81950506
0.38814209
2
 0.799709
  1.33797
0.0654064
0.89109093 0.31865091 -0.32313860
-0.44959127 0.71686901 -0.53288508
0.06184373 0.62012936 0.78205814
0.38704984
3
  0.775259
   1.28137
0.00740718
0.89018450 0.33730421 -0.30626367
-0.45158013 0.74233696 -0.49498609
0.06038995 0.57893153 0.81313673
0.39502915
4
 0.771507
  1.29937
0.0212626
0.89318291 0.32806601 -0.30756621
-0.44630742 0.73047371 -0.51693118
0.05508148 0.59898318 0.79886493
0.38138693
5
  0.757934
   1.25787
-0.0171434
0.88963788 0.35020886 -0.29308394
-0.45302839 0.75766233 -0.46980110
0.05753015 0.55072820 0.83269967
0.39676101
6
  0.748882
   1.25487
-0.0257026
0.89344189 0.34538351 -0.28717906
-0.44608108 0.75720603 -0.47712756
0.05266172 0.55439089 0.83058864
0.39042890
7
  0.742641
   1.24166
-0.0406438
0.89258644 0.35078925 -0.28326023
-0.44767982 0.76419969 -0.46430767
0.05359324 0.54124461 0.83915555
0.39721557
8
  0.740598
   1.23912
-0.0435588
0.89189251 0.34951834 -0.28699247
-0.44914820 0.75873906 -0.47178484
0.05285494 0.54968352 0.83369922
0.39287171
9
  0.739901
   1.23349
-0.0492028
0.88980536 0.35325873 -0.28888526
-0.45314633 0.75875522 -0.46791977
0.05389645 0.54726482 0.83522236
0.39392102
10
  0.739853
   1.24072
-0.0437057
0.89268183 0.34211143 -0.29339208
-0.44784545 0.74634289 -0.49234819
0.05053315 0.57090460 0.81945979
0.38718499
11
  0.742878
   1.25134
-0.0335063
0.89325510 0.33197420 -0.30313108
-0.44680303 0.73003162 -0.51712753
0.04962227 0.59736669 0.80043155
0.38900634
12
  0.735462
   1.22643
-0.0538722
0.88914947 0.36211823 -0.27979208
-0.45402023 0.77457104 -0.44034684
0.05726123 0.51856542 0.85311843
0.41237624
13
  0.733214
    1.2227
-0.0582626
0.89109521 0.35745053 -0.27960407
-0.45048288 0.77125969 -0.44969286
0.05490440 0.52667600 0.84829116
0.40078043
14
 0.734711
  1.23408
-0.048733
0.89509774 0.33550032 -0.29366574
-0.44303938 0.74334900 -0.50114706
0.05016114 0.57868109 0.81400987
0.39010966
15
  0.733924
   1.23527
-0.0486036
0.89400408 0.34001905 -0.29179403
-0.44539204 0.74534345 -0.49607365
0.04881228 0.57345461 0.81778186
0.38767121
16
  0.732466
   1.22483
-0.0569787
0.88975309 0.35578402 -0.28593210
-0.45275567 0.76739245 -0.45400565
0.05789418 0.53341032 0.84387304
0.40342304
17
 0.730598
  1.22144
-0.060965
0.89110499 0.35593918 -0.28149459
-0.45048545 0.76864842 -0.45413926
0.05472441 0.53149497 0.84529186
0.40036046
18
  0.730177
   1.22118
-0.0614937
0.89227662 0.34972584 -0.28554207
-0.44809341 0.76338534 -0.46524737
0.05526960 0.54307887 0.83786074
0.38626998
19
  0.737484
   1.24037
-0.0383341
0.89375178 0.30754480 -0.32653323
-0.44529962 0.69595600 -0.56334137
0.05400005 0.64889247 0.75896150
0.44406872
20
   0.73552
   1.23541
-0.0435601
0.89281259 0.33343264 -0.30283388
-0.44697508 0.73893602 -0.50416945
0.05566832 0.58548803 0.80876746
0.39208422
21
  0.736896
   1.23472
-0.0440974
0.89003538 0.33997172 -0.30373715
-0.45211293 0.74382584 -0.49225706
0.05857406 0.57544969 0.81573692
0.39196362
22
  0.736879
   1.23135
-0.0470763
0.88881580 0.34846579 -0.29762069
-0.45431752 0.75509317 -0.47268372
0.06001724 0.55534305 0.82945285
0.38956228
23
  0.736221
   1.23097
-0.0479518
0.89094568 0.34707073 -0.29284417
-0.45069328 0.75477268 -0.47664847
0.05560005 0.55665079 0.82888391
0.39502589
24
  0.736247
    1.2289
-0.0501625
0.88962873 0.35051165 -0.29274958
-0.45303167 0.75825626 -0.46883872
0.05764577 0.54971722 0.83335943
0.39805063
25
  0.735132
   1.22582
-0.0531625
0.88830911 0.35888045 -0.28655147
-0.45610838 0.76224458 -0.45929113
0.05359169 0.53869103 0.84079719
0.39975957
26
  0.738345
   1.23523
-0.0433854
0.89281458 0.32422159 -0.31266994
-0.44704018 0.72276512 -0.52703478
0.05511087 0.61032036 0.79023531
0.40525095
27
  0.737118
   1.22869
-0.0484041
0.88866259 0.34949146 -0.29687460
-0.45451410 0.75714131 -0.46920569
0.06079265 0.55189923 0.83169195
0.39525189
28
  0.737296
   1.22766
-0.0493665
0.88820182 0.35107534 -0.29638427
-0.45558879 0.75647289 -0.46924155
0.05946753 0.55181054 0.83184658
0.38975884
29
   0.73834
   1.23008
-0.0475956
0.89021435 0.34149299 -0.30149786
-0.45197062 0.74482113 -0.49088088
0.05692960 0.57325738 0.81739525
0.38773013
30
  0.738896
   1.23355
-0.0445693
0.89252695 0.33372631 -0.30335192
-0.44800519 0.73338497 -0.51130991
0.05183617 0.59226111 0.80407698
0.39105542
31
  0.739929
   1.23756
-0.0408425
0.89349359 0.32716143 -0.30762738
-0.44626399 0.72339245 -0.52683187
0.05017625 0.60800392 0.79234688
0.40653424
32
  0.741161
   1.24078
-0.0378551
0.89301199 0.32525515 -0.31102840
-0.44703581 0.72074323 -0.52980013
0.05185139 0.61215870 0.78903305
0.40506350
33
  0.741604
    1.2407
-0.0378912
0.89132249 0.33356632 -0.30704680
-0.44993815 0.73399664 -0.50872841
0.05567665 0.59159314 0.80431192
0.39543600
34
 0.740028
  1.23283
-0.044164
0.88695729 0.36060069 -0.28857218
-0.45734828 0.77279827 -0.44001749
0.06433747 0.52225471 0.85035917
0.40967069
35
  0.739448
   1.22981
-0.0467401
0.88752833 0.36051991 -0.28691263
-0.45624922 0.77451996 -0.43812725
0.06426596 0.51975401 0.85189533
0.40511575
36
  0.740585
   1.23145
-0.0452319
0.88861537 0.34652602 -0.30047035
-0.45436676 0.75445580 -0.47365313
0.06255846 0.55741920 0.82787093
0.38460901
37
  0.742848
   1.23911
-0.0374095
0.89300559 0.31636804 -0.32008166
-0.44670151 0.70963113 -0.54486826
0.05476101 0.62955137 0.77502665
0.42730649
38
   0.74379
   1.24243
-0.0343798
0.89367506 0.31723056 -0.31734784
-0.44561227 0.71046075 -0.54467901
0.05267436 0.62818014 0.77628289
0.42365146
39
  0.742483
   1.23925
-0.0374979
0.89181958 0.34170879 -0.29646743
-0.44915540 0.74704928 -0.49007837
0.05401170 0.57022143 0.81971352
0.38885122
40
   0.74151
   1.23672
-0.0400996
0.89043674 0.35284973 -0.28743605
-0.45188974 0.76045110 -0.46637944
0.05401920 0.54517079 0.83658277
0.39776161
41
  0.742267
   1.24034
-0.0370391
0.89407153 0.33196778 -0.30072160
-0.44485076 0.73658469 -0.50946128
0.05238219 0.58927106 0.80623552
0.39186286
42
  0.742118
   1.24048
-0.0372861
0.89374911 0.33558690 -0.29764736
-0.44534511 0.74322775 -0.49927974
0.05366804 0.57878662 0.81371112
0.38842680
43
   0.74304
   1.24213
-0.0355886
0.89230548 0.33107677 -0.30688615
-0.44786216 0.73455925 -0.50974719
0.05666061 0.59229291 0.80372799
0.38510614
44
  0.743084
   1.24101
-0.0367332
0.88963587 0.34274015 -0.30179001
-0.45297604 0.74617822 -0.48788397
0.05797170 0.57074273 0.81907998
0.38946763
45
  0.742495
   1.23707
-0.0398387
0.88646004 0.35861003 -0.29255330
-0.45849014 0.76659870 -0.44957005
0.06305065 0.53265869 0.84397828
0.40249309
46
  0.743631
   1.23945
-0.0374618
0.88949997 0.33822430 -0.30723626
-0.45286122 0.74212637 -0.49413071
0.06088112 0.57866464 0.81329006
0.39275816
47
  0.742781
   1.24011
-0.0374382
0.89319404 0.33961417 -0.29473145
-0.44688230 0.74328889 -0.49781306
0.05000624 0.57635392 0.81566877
0.39113103
48
  0.743712
   1.24493
-0.0329488
0.89720521 0.31527328 -0.30923384
-0.43887575 0.71440948 -0.54498365
0.04910081 0.62467740 0.77933770
0.41528934
49
  0.744441
   1.24753
-0.0305224
0.89626632 0.31455016 -0.31267375
-0.44060195 0.71215787 -0.54653553
0.05076023 0.62760605 0.77687453
0.42529359
50
  0.744717
   1.24827
-0.0299136
0.89500209 0.32173011 -0.30896762
-0.44272439 0.72527979 -0.52722324
0.05446438 0.60865340 0.79156469
0.40481350
51
  0.745252
   1.24879
-0.0295617
0.89298721 0.32754683 -0.30868579
-0.44640676 0.73203238 -0.51463540
0.05740080 0.59736225 0.79991468
0.39660252
52
  0.745901
   1.24723
-0.0307457
0.88789447 0.34121513 -0.30857033
-0.45545334 0.74652289 -0.48504209
0.06485112 0.57120557 0.81824112
0.39392386
53
  0.746134
   1.24837
-0.0298565
0.89027492 0.33642970 -0.30696193
-0.45173821 0.73791271 -0.50141542
0.05782007 0.58506400 0.80892333
0.38319760
54
  0.746451
   1.24804
-0.0301871
0.88925540 0.33978935 -0.30621565
-0.45341637 0.74309921 -0.49215563
0.06031937 0.57649524 0.81487104
0.38809669
55
  0.745546
   1.24436
-0.0332782
0.88768671 0.35754305 -0.29012974
-0.45611351 0.76906379 -0.44777377
0.06302987 0.52981492 0.84576793
0.41321682
56
  0.745823
   1.24594
-0.0320474
0.89079383 0.34218827 -0.29898753
-0.45089478 0.74727655 -0.48813078
0.05639374 0.56963581 0.81996024
0.38637980
57
  0.745133
   1.24458
-0.0337036
0.89176652 0.34853034 -0.28858116
-0.44908915 0.75981319 -0.47010940
0.05542038 0.54882649 0.83409716
0.39053626
58
  0.744957
   1.24122
-0.0363117
0.88683692 0.36094656 -0.28850973
-0.45742344 0.77419048 -0.43748474
0.06545287 0.51994874 0.85168611
0.42236313
59
  0.745892
   1.24468
-0.0331297
0.89106894 0.33298595 -0.30840964
-0.45032984 0.73332902 -0.50934426
0.05656126 0.59274691 0.80340023
0.38955304
60
   0.74503
   1.24174
-0.0357581
0.88872906 0.35396132 -0.29132806
-0.45462834 0.76220465 -0.46082225
0.05893836 0.54199212 0.83831427
0.40046895
61
  0.745298
   1.24183
-0.0358362
0.88876761 0.34836731 -0.29787977
-0.45454266 0.75354859 -0.47492683
0.05901790 0.55749864 0.82807738
0.38577259
62
  0.744865
   1.24369
-0.0346567
0.89397380 0.33823196 -0.29395577
-0.44581342 0.73774252 -0.50693823
0.04540096 0.58423892 0.81031083
0.38585655
63
  0.745022
   1.24386
-0.0346163
0.89257289 0.33813253 -0.29829520
-0.44787049 0.74143681 -0.49968338
0.05220783 0.57960146 0.81322598
0.38932493
64
  0.743955
   1.24342
-0.0354899
0.89579953 0.34137465 -0.28461649
-0.44186187 0.75313310 -0.48738959
0.04797165 0.56236454 0.82549672
0.38737471
65
  0.743068
   1.23952
-0.0385752
0.88890108 0.36467473 -0.27724937
-0.45443317 0.77837036 -0.43316288
0.05783914 0.51103026 0.85761454
0.42431741
66
 0.743291
  1.23959
-0.038526
0.88918066 0.35353496 -0.29046650
-0.45384036 0.76219481 -0.46161456
0.05819518 0.54228416 0.83817731
0.39818094
67
  0.743322
   1.23968
-0.0385382
0.88958771 0.34968939 -0.29385545
-0.45349762 0.75298450 -0.47681679
0.05453083 0.55743310 0.82842907
0.39123143
68
  0.743574
   1.24074
-0.0378149
0.89179981 0.33926695 -0.29931762
-0.44928039 0.74201449 -0.49755565
0.05329382 0.57819757 0.81415437
0.38723111
69
  0.743954
   1.24118
-0.0374824
0.89126287 0.33677832 -0.30369535
-0.44990691 0.74064751 -0.49902408
0.05687072 0.58139627 0.81163052
0.39075229
70
  0.743438
   1.24284
-0.0364349
0.89686217 0.32968680 -0.29486415
-0.44001669 0.73283165 -0.51898274
0.04498402 0.59520113 0.80231668
0.39448677
71
   0.74247
      1.24
-0.0390005
0.89191300 0.35529727 -0.27974105
-0.44933764 0.76590364 -0.45987748
0.05086147 0.53586889 0.84276785
0.40160931
72
  0.741101
   1.23579
-0.0423341
0.88858067 0.37405904 -0.26552631
-0.45503616 0.79197978 -0.40707508
0.05802136 0.48254312 0.87394831
0.45392755
73
  0.740817
   1.23745
-0.0412034
0.89511046 0.34725082 -0.27963213
-0.44325404 0.76062767 -0.47431151
0.04799087 0.54850927 0.83476611
0.39501786
74
 0.740318
  1.23794
-0.041202
0.89600274 0.34466610 -0.27997207
-0.44202617 0.75240695 -0.48836119
0.04233139 0.56132795 0.82651013
0.38898052
75
  0.740176
   1.23898
-0.0405536
0.89715642 0.33565737 -0.28713147
-0.43950157 0.74329976 -0.50432512
0.04414431 0.57865326 0.81437810
0.38729058
76
  0.740874
   1.24119
-0.0383073
0.89642507 0.32050590 -0.30610139
-0.44037842 0.72189476 -0.53379284
0.04988924 0.61330573 0.78826845
0.40816861
77
  0.740975
   1.24142
-0.0382439
0.89516894 0.32743058 -0.30242650
-0.44249263 0.73440856 -0.51463030
0.05359891 0.59450256 0.80230535
0.39626050
78
    0.7415
   1.24127
-0.0382836
0.89136144 0.33321891 -0.30731084
-0.44912316 0.74096573 -0.49925762
0.06134472 0.58303940 0.81012461
0.39309886
79
  0.740942
   1.23968
-0.0396905
0.89057477 0.34820283 -0.29262838
-0.45080305 0.76123281 -0.46615578
0.06044156 0.54706435 0.83490563
0.39253658
80
0.742043
 1.24251
-0.03682
0.89250614 0.32136038 -0.31648111
-0.44722937 0.72150147 -0.52860337
0.05846940 0.61332140 0.78766629
0.40281278
81
  0.741979
   1.24172
-0.0375234
0.89025701 0.33827530 -0.30497915
-0.45163097 0.74227744 -0.49502895
0.05892307 0.57844102 0.81359330
0.39351302
82
  0.741398
    1.2397
-0.0393449
0.88906429 0.35497427 -0.28906394
-0.45383833 0.76616908 -0.45498980
0.05996218 0.53570347 0.84227449
0.39896506
83
  0.741023
   1.23898
-0.0400667
0.88923146 0.35718439 -0.28580890
-0.45420952 0.76370461 -0.45874718
0.05441625 0.53774955 0.84134671
0.40237384
84
  0.741503
   1.24161
-0.0375581
0.89379400 0.33003732 -0.30365714
-0.44597931 0.72545377 -0.52423209
0.04727306 0.60398030 0.79559604
0.39717998
85
  0.741884
   1.24303
-0.0363223
0.89426739 0.32516460 -0.30749605
-0.44499139 0.71918259 -0.53362821
0.04762880 0.61403939 0.78783699
0.40888075
86
   0.74145
   1.24208
-0.0372829
0.89290568 0.34054219 -0.29453431
-0.44722652 0.74642991 -0.49277868
0.05203728 0.57172844 0.81879101
0.38587343
87
 0.741375
    1.241
-0.038145
0.88989378 0.34916395 -0.29355339
-0.45243446 0.75773807 -0.47025108
0.05824185 0.55128718 0.83228020
0.39612344
88
  0.742013
     1.242
-0.0370571
0.88991845 0.33618755 -0.30825814
-0.45224246 0.73827940 -0.50042010
0.05934563 0.58474050 0.80904675
0.39727515
89
  0.742666
   1.24373
-0.0353566
0.89274061 0.32028073 -0.31691397
-0.44664539 0.72170440 -0.52882006
0.05934734 0.61364731 0.78734673
0.40689865
90
  0.743002
   1.24466
-0.0345201
0.89347587 0.32028642 -0.31482927
-0.44519713 0.72398210 -0.52692450
0.05916400 0.61095542 0.78945114
0.40794165
91
  0.742896
   1.24491
-0.0344597
0.89342977 0.33007785 -0.30468321
-0.44592421 0.73350805 -0.51294984
0.05417420 0.59415028 0.80252763
0.39424065
92
  0.742867
   1.24559
-0.0340041
0.89418874 0.33099861 -0.30144058
-0.44481274 0.73308450 -0.51451796
0.05067669 0.59416078 0.80274830
0.39049456
93
  0.741856
   1.24196
-0.0368247
0.88831213 0.36499722 -0.27870879
-0.45530320 0.77926140 -0.43063984
0.06000466 0.50943960 0.85841175
0.43324314
94
  0.741817
   1.24262
-0.0364434
0.89236675 0.34687896 -0.28871537
-0.44793952 0.75880076 -0.47283357
0.05506142 0.55126798 0.83250937
0.39415351
95
  0.742467
   1.24628
-0.0325957
0.89930385 0.30514952 -0.31326723
-0.43466754 0.70252988 -0.56348549
0.04813226 0.64291176 0.76442642
0.44104153
96
  0.742555
   1.24772
-0.0314473
0.89932254 0.31002578 -0.30838773
-0.43492827 0.70729532 -0.55728874
0.04534732 0.63530886 0.77092559
0.43416204
97
  0.742452
   1.24756
-0.0317391
0.89512856 0.32942187 -0.30037659
-0.44325744 0.72962669 -0.52073767
0.04762040 0.59927132 0.79912839
0.39747293
98
   0.74283
   1.25075
-0.0284779
0.90059036 0.30252432 -0.31211542
-0.43286758 0.68950523 -0.58069630
0.03953046 0.65807414 0.75191473
0.45160875
99
 0.742796
  1.25083
-0.028565
0.89658226 0.32132082 -0.30478383
-0.44048407 0.71842910 -0.53836179
0.04597872 0.61693805 0.78566748
0.41327483
100
   0.74274
   1.25156
-0.0281119
0.89602374 0.32740555 -0.29991174
-0.44195808 0.72247389 -0.53169966
0.04259698 0.60896394 0.79205329
0.40101740
