# oST version 5.0 parameters


[image]

width
640

height
480

[narrow_stereo]

camera matrix
629.618893 0.000000 303.660413
0.000000 630.227451 231.450386
0.000000 0.000000 1.000000

distortion
0.146531 -0.313771 -0.002755 -0.000606 0.000000

rectification
1.000000 0.000000 0.000000
0.000000 1.000000 0.000000
0.000000 0.000000 1.000000

projection
640.475647 0.000000 303.188514 0.000000
0.000000 641.105835 230.526435 0.000000
0.000000 0.000000 1.000000 0.000000
