# oST version 5.0 parameters

[image]

width
752

height
480

[camera]

camera matrix
683.7044415314717 0 358.0818941421198
0 681.6552476039036 218.8191816008914
0 0 1

distortion
-0.1483892818983464 0.09120391184674445 0.0003542827179418845 0.0004809460267004526 0

rectification
1.000000 0.000000 0.000000
0.000000 1.000000 0.000000
0.000000 0.000000 1.000000

projection
683.7044415314717 0 358.0818941421198 0
0 681.6552476039036 218.8191816008914 0
0 0 1 0