# oST version 5.0 parameters


[image]

width
640

height
480

[camera]

camera matrix
592.192489 0.000000 315.709148
0.000000 588.541881 258.452450
0.000000 0.000000 1.000000

distortion
0.134304 -0.241875 0.001620 -0.011621 0.000000

rectification
1.000000 0.000000 0.000000
0.000000 1.000000 0.000000
0.000000 0.000000 1.000000

projection
602.986694 0.000000 309.627327 0.000000
0.000000 604.378479 259.127746 0.000000
0.000000 0.000000 1.000000 0.000000
